STARTMETADATA
REVISEDDATA=FALSE
OBJECTNUMBER=117
OBJECTNAME=Lomia
MPCDESIG=
SESSIONDATE=2013-03-03
SESSIONTIME=22:47:00
CONTACTNAME=M. Audejean
CONTACTINFO=maurice.audejean@wanadoo.fr
OBSERVERS=Audejean
OBSLONGITUDE=-0.2755
OBSLATITUDE=47.1692
OBJECTRA=07:36
OBJECTDEC=+35
PHASE=+15.7
PABL=+125.5
PABB=0.0
FILTER=C
MAGBAND=R
CICORRECTION=FALSE
CIBAND=NONE
CITARGET=+0.000
DIFFERMAGS=TRUE
MAGADJUST=0.0
STANDARD=NONE
LTCAPP=NONE
LTCDAYS=-0.013219
LTCTYPE=NONE
REDUCEDMAGS=NONE
UCORMAG=-4.1678
PUBLICATION=
BIBCODE=
DELIMITER=PIPE
ENDMETADATA
DATA=2456355.3217|2.974|0.004|1.046
DATA=2456355.32264|2.97|0.004|1.045
DATA=2456355.3235|2.961|0.004|1.044
DATA=2456355.32435|2.968|0.004|1.043
DATA=2456355.32521|2.969|0.004|1.042
DATA=2456355.32606|2.972|0.003|1.041
DATA=2456355.32708|2.97|0.004|1.04
DATA=2456355.32794|2.971|0.004|1.04
DATA=2456355.3288|2.97|0.004|1.039
DATA=2456355.32965|2.976|0.004|1.038
DATA=2456355.33051|2.976|0.004|1.037
DATA=2456355.33214|2.967|0.004|1.036
DATA=2456355.33308|2.971|0.004|1.035
DATA=2456355.33394|2.971|0.005|1.034
DATA=2456355.33479|2.97|0.004|1.034
DATA=2456355.33565|2.968|0.005|1.033
DATA=2456355.3365|2.961|0.004|1.033
DATA=2456355.33752|2.959|0.005|1.032
DATA=2456355.33838|2.961|0.004|1.031
DATA=2456355.33924|2.961|0.003|1.031
DATA=2456355.34009|2.96|0.003|1.03
DATA=2456355.34095|2.961|0.003|1.03
DATA=2456355.34256|2.959|0.003|1.029
DATA=2456355.34351|2.961|0.003|1.028
DATA=2456355.34436|2.958|0.003|1.028
DATA=2456355.34521|2.957|0.004|1.027
DATA=2456355.34606|2.956|0.004|1.027
DATA=2456355.34692|2.961|0.004|1.027
DATA=2456355.34795|2.951|0.003|1.026
DATA=2456355.34881|2.946|0.004|1.026
DATA=2456355.34966|2.955|0.004|1.025
DATA=2456355.35052|2.949|0.004|1.025
DATA=2456355.35138|2.951|0.004|1.025
DATA=2456355.35231|2.956|0.004|1.024
DATA=2456355.35317|2.951|0.003|1.024
DATA=2456355.35403|2.95|0.003|1.024
DATA=2456355.35487|2.953|0.004|1.024
DATA=2456355.35573|2.949|0.003|1.023
DATA=2456355.35681|2.951|0.003|1.023
DATA=2456355.35765|2.954|0.003|1.023
DATA=2456355.3585|2.943|0.004|1.023
DATA=2456355.35935|2.948|0.004|1.023
DATA=2456355.36021|2.955|0.004|1.023
DATA=2456355.36124|2.943|0.004|1.022
DATA=2456355.36209|2.941|0.003|1.022
DATA=2456355.36294|2.954|0.003|1.022
DATA=2456355.36381|2.944|0.003|1.022
DATA=2456355.36466|2.956|0.003|1.022
DATA=2456355.36568|2.95|0.003|1.022
DATA=2456355.36654|2.92|0.003|1.022
DATA=2456355.36738|2.926|0.003|1.022
DATA=2456355.36824|2.96|0.003|1.022
DATA=2456355.3691|2.918|0.003|1.022
DATA=2456355.37012|2.944|0.003|1.022
DATA=2456355.37097|2.969|0.003|1.022
DATA=2456355.37182|2.937|0.003|1.022
DATA=2456355.37267|2.934|0.003|1.022
DATA=2456355.37353|2.965|0.003|1.023
DATA=2456355.37514|2.913|0.003|1.023
DATA=2456355.37617|2.968|0.003|1.023
DATA=2456355.37701|2.928|0.003|1.023
DATA=2456355.37787|2.959|0.003|1.023
DATA=2456355.37873|2.956|0.003|1.024
DATA=2456355.37957|2.968|0.003|1.024
DATA=2456355.38054|2.946|0.004|1.024
DATA=2456355.3814|2.968|0.003|1.024
DATA=2456355.38226|2.98|0.004|1.025
DATA=2456355.3831|2.957|0.003|1.025
DATA=2456355.38396|2.972|0.004|1.025
DATA=2456355.38497|2.984|0.003|1.026
DATA=2456355.38582|2.95|0.003|1.026
DATA=2456355.38668|2.969|0.003|1.027
DATA=2456355.38753|2.995|0.003|1.027
DATA=2456355.38839|2.983|0.004|1.027
DATA=2456355.38934|2.949|0.004|1.028
DATA=2456355.3902|3.004|0.003|1.028
DATA=2456355.39105|2.983|0.003|1.029
DATA=2456355.39191|2.957|0.003|1.029
DATA=2456355.39277|2.999|0.004|1.03
DATA=2456355.39376|2.996|0.003|1.03
DATA=2456355.39462|2.982|0.004|1.031
DATA=2456355.39547|2.999|0.004|1.032
DATA=2456355.39633|2.973|0.004|1.032
DATA=2456355.39719|2.986|0.004|1.033
DATA=2456355.39813|2.996|0.005|1.033
DATA=2456355.39898|3.003|0.004|1.034
DATA=2456355.39984|2.985|0.005|1.035
DATA=2456355.40069|3.001|0.004|1.035
DATA=2456355.40154|2.999|0.005|1.036
DATA=2456355.40252|2.969|0.005|1.037
DATA=2456355.40338|2.978|0.005|1.038
DATA=2456355.40424|3.006|0.005|1.038
DATA=2456355.40509|2.991|0.005|1.039
DATA=2456355.40595|3.005|0.004|1.04
DATA=2456355.40758|2.998|0.005|1.041
DATA=2456355.40861|3.0|0.005|1.042
DATA=2456355.40947|2.979|0.005|1.043
DATA=2456355.41032|2.995|0.005|1.044
DATA=2456355.41118|2.993|0.004|1.045
DATA=2456355.41204|2.999|0.004|1.046
DATA=2456355.41366|2.991|0.005|1.048
DATA=2456355.41471|2.989|0.005|1.049
DATA=2456355.41556|2.993|0.004|1.05
DATA=2456355.41641|2.995|0.005|1.051
DATA=2456355.41727|2.996|0.004|1.052
DATA=2456355.41813|2.985|0.004|1.053
DATA=2456355.41917|3.004|0.004|1.054
DATA=2456355.42002|3.001|0.003|1.055
DATA=2456355.42088|2.996|0.004|1.056
DATA=2456355.42174|2.979|0.004|1.058
DATA=2456355.42259|2.991|0.004|1.059
DATA=2456355.42359|2.996|0.004|1.06
DATA=2456355.42444|3.008|0.004|1.061
DATA=2456355.4253|3.003|0.004|1.062
DATA=2456355.42616|2.994|0.004|1.064
DATA=2456355.42701|3.008|0.004|1.065
DATA=2456355.42806|2.999|0.003|1.066
DATA=2456355.4289|3.004|0.003|1.068
DATA=2456355.42975|3.001|0.004|1.069
DATA=2456355.4306|3.004|0.004|1.07
DATA=2456355.43146|3.001|0.004|1.072
DATA=2456355.43247|3.004|0.004|1.073
DATA=2456355.43332|3.005|0.004|1.075
DATA=2456355.43418|3.004|0.004|1.076
DATA=2456355.43503|2.986|0.004|1.078
DATA=2456355.43589|3.002|0.004|1.079
DATA=2456355.43691|2.996|0.003|1.081
DATA=2456355.43777|2.995|0.003|1.082
DATA=2456355.43862|3.0|0.003|1.084
DATA=2456355.43948|2.999|0.003|1.085
DATA=2456355.44034|3.005|0.003|1.087
DATA=2456355.44133|3.007|0.003|1.089
DATA=2456355.44219|2.997|0.003|1.09
DATA=2456355.44304|3.006|0.003|1.092
DATA=2456355.4439|3.013|0.003|1.094
DATA=2456355.44476|3.004|0.003|1.095
DATA=2456355.4458|3.002|0.003|1.097
DATA=2456355.44666|3.012|0.003|1.099
DATA=2456355.4475|3.009|0.003|1.101
DATA=2456355.44836|3.002|0.003|1.103
DATA=2456355.44921|2.998|0.003|1.104
DATA=2456355.45022|3.006|0.003|1.107
DATA=2456355.45106|3.009|0.003|1.108
DATA=2456355.45192|2.996|0.003|1.11
DATA=2456355.45278|3.008|0.003|1.112
DATA=2456355.45363|3.009|0.003|1.114
DATA=2456355.45464|3.011|0.003|1.116
DATA=2456355.4555|3.003|0.003|1.118
DATA=2456355.45635|3.01|0.003|1.12
DATA=2456355.45721|3.003|0.003|1.122
DATA=2456355.45806|3.009|0.003|1.124
DATA=2456355.45909|3.011|0.003|1.127
DATA=2456355.45994|3.014|0.004|1.129
DATA=2456355.46079|3.016|0.003|1.131
DATA=2456355.46164|3.022|0.004|1.133
DATA=2456355.4625|3.022|0.003|1.135
DATA=2456355.46351|3.02|0.004|1.138
DATA=2456355.46436|3.015|0.004|1.14
DATA=2456355.46522|3.017|0.004|1.142
DATA=2456355.46606|3.015|0.004|1.145
DATA=2456355.46693|3.019|0.004|1.147
DATA=2456355.46795|3.024|0.004|1.15
DATA=2456355.46881|3.015|0.003|1.152
DATA=2456355.46966|3.014|0.003|1.155
DATA=2456355.47052|3.028|0.004|1.157
DATA=2456355.47138|3.022|0.003|1.159
DATA=2456355.4724|3.024|0.004|1.162
DATA=2456355.47325|3.013|0.004|1.165
DATA=2456355.47411|3.015|0.004|1.167
DATA=2456355.47497|3.012|0.004|1.17
DATA=2456355.47582|3.011|0.003|1.173
DATA=2456355.47683|3.011|0.004|1.176
DATA=2456355.47769|3.014|0.004|1.178
DATA=2456355.47854|3.006|0.003|1.181
DATA=2456355.4794|3.009|0.004|1.184
DATA=2456355.48025|3.004|0.003|1.186
DATA=2456355.4813|3.006|0.004|1.19
DATA=2456355.48215|2.998|0.003|1.193
DATA=2456355.483|3.018|0.003|1.195
DATA=2456355.48385|3.002|0.003|1.198
DATA=2456355.48471|3.008|0.003|1.201
DATA=2456355.48574|3.014|0.003|1.205
DATA=2456355.48659|3.006|0.004|1.208
DATA=2456355.48744|3.008|0.004|1.211
DATA=2456355.4883|3.007|0.003|1.214
DATA=2456355.48916|3.007|0.004|1.217
DATA=2456355.49015|3.003|0.003|1.22
DATA=2456355.49101|3.003|0.003|1.223
DATA=2456355.49186|3.009|0.003|1.227
DATA=2456355.49272|3.002|0.004|1.23
DATA=2456355.49356|3.006|0.003|1.233
DATA=2456355.49461|3.006|0.003|1.237
DATA=2456355.49545|3.003|0.003|1.24
DATA=2456355.49631|3.008|0.003|1.244
DATA=2456355.49715|2.997|0.003|1.247
DATA=2456355.498|3.009|0.003|1.25
DATA=2456355.49902|3.007|0.003|1.254
DATA=2456355.49986|3.001|0.003|1.258
DATA=2456355.50071|3.01|0.004|1.261
DATA=2456355.50156|3.014|0.004|1.265
DATA=2456355.50241|3.009|0.003|1.268
DATA=2456355.5034|3.005|0.004|1.273
DATA=2456355.50425|3.02|0.004|1.276
DATA=2456355.5051|3.011|0.004|1.28
DATA=2456355.50595|3.006|0.004|1.284
DATA=2456355.50679|3.008|0.003|1.288
DATA=2456355.5078|3.019|0.003|1.292
DATA=2456355.50866|3.019|0.004|1.296
DATA=2456355.5095|3.017|0.004|1.3
DATA=2456355.51035|3.009|0.004|1.304
DATA=2456355.5112|3.014|0.004|1.308
DATA=2456355.5122|3.011|0.004|1.312
DATA=2456355.51304|3.021|0.004|1.317
DATA=2456355.5139|3.013|0.004|1.321
DATA=2456355.51475|3.018|0.003|1.325
DATA=2456355.51559|3.023|0.003|1.329
DATA=2456355.51659|3.027|0.004|1.334
DATA=2456355.51743|3.022|0.004|1.338
DATA=2456355.51828|3.021|0.003|1.343
DATA=2456355.51913|3.023|0.003|1.347
DATA=2456355.51998|3.021|0.003|1.351
DATA=2456355.52096|3.027|0.004|1.356
DATA=2456355.52181|3.021|0.004|1.361
DATA=2456355.52266|3.025|0.003|1.366
DATA=2456355.52351|3.018|0.003|1.37
DATA=2456355.52435|3.027|0.004|1.375
DATA=2456355.52536|3.02|0.003|1.38
DATA=2456355.5262|3.022|0.004|1.385
DATA=2456355.52705|3.022|0.004|1.39
DATA=2456355.52791|3.019|0.004|1.395
DATA=2456355.52875|3.018|0.003|1.4
DATA=2456355.52975|3.031|0.004|1.406
DATA=2456355.53059|3.027|0.004|1.411
DATA=2456355.53145|3.017|0.004|1.416
DATA=2456355.53229|3.014|0.004|1.421
DATA=2456355.53314|3.021|0.004|1.426
DATA=2456355.53414|3.023|0.004|1.432
DATA=2456355.53499|3.028|0.004|1.437
DATA=2456355.53584|3.03|0.004|1.443
DATA=2456355.53669|3.015|0.004|1.448
DATA=2456355.53755|3.024|0.004|1.454
DATA=2456355.53854|3.011|0.004|1.46
DATA=2456355.53939|3.025|0.004|1.466
DATA=2456355.54023|3.029|0.004|1.471
DATA=2456355.54109|3.033|0.004|1.477
DATA=2456355.54193|3.031|0.07|1.483
DATA=2456355.54293|3.021|0.004|1.49
DATA=2456355.54377|3.028|0.006|1.496
DATA=2456355.54462|3.01|0.011|1.502
DATA=2456355.54547|3.014|0.01|1.508
DATA=2456355.54632|3.024|0.005|1.514
DATA=2456355.54733|3.023|0.004|1.521
DATA=2456355.54817|3.031|0.004|1.527
DATA=2456355.54903|3.015|0.004|1.534
DATA=2456355.54987|3.019|0.004|1.54
DATA=2456355.55072|3.023|0.004|1.546
DATA=2456355.55172|3.032|0.004|1.554
DATA=2456355.55257|3.021|0.004|1.561
DATA=2456355.55341|3.021|0.004|1.567
DATA=2456355.55427|3.026|0.004|1.574
DATA=2456355.55512|3.028|0.004|1.581
DATA=2456355.5561|3.019|0.004|1.589
DATA=2456355.55694|3.027|0.005|1.596
DATA=2456355.55779|3.032|0.004|1.603
DATA=2456355.55865|3.049|0.005|1.61
DATA=2456355.55949|3.021|0.004|1.617
DATA=2456355.56047|3.026|0.004|1.626
DATA=2456355.56132|3.028|0.005|1.633
DATA=2456355.56218|3.03|0.005|1.641
DATA=2456355.56302|3.025|0.004|1.648
DATA=2456355.56387|3.021|0.005|1.656
DATA=2456355.56485|3.03|0.005|1.665
DATA=2456355.56569|3.046|0.005|1.672
DATA=2456355.56655|3.038|0.005|1.68
DATA=2456355.5674|3.034|0.006|1.688
DATA=2456355.56825|3.038|0.005|1.697
DATA=2456355.56924|3.035|0.005|1.706
DATA=2456355.57008|3.031|0.006|1.714
DATA=2456355.57093|3.032|0.006|1.722
DATA=2456355.57178|3.04|0.006|1.731
DATA=2456355.57263|3.046|0.008|1.74
DATA=2456355.57422|3.032|0.006|1.756
DATA=2456355.57522|3.04|0.006|1.766
DATA=2456355.57606|3.055|0.005|1.775
DATA=2456355.57691|3.051|0.005|1.784
DATA=2456355.57777|3.054|0.006|1.794
DATA=2456355.57861|3.055|0.005|1.803
DATA=2456355.57961|3.051|0.005|1.814
DATA=2456355.58046|3.053|0.005|1.823
DATA=2456355.58131|3.052|0.005|1.833
DATA=2456355.58215|3.053|0.005|1.843
ENDDATA
STARTMETADATA
REVISEDDATA=FALSE
OBJECTNUMBER=117
OBJECTNAME=Lomia
MPCDESIG=
SESSIONDATE=2013-03-04
SESSIONTIME=21:56:00
CONTACTNAME=M. Audejean
CONTACTINFO=maurice.audejean@wanadoo.fr
OBSERVERS=Audejean
OBSLONGITUDE=-0.2755
OBSLATITUDE=47.1692
OBJECTRA=07:36
OBJECTDEC=+35
PHASE=+15.9
PABL=+124.5
PABB=0.0
FILTER=C
MAGBAND=R
CICORRECTION=FALSE
CIBAND=NONE
CITARGET=+0.000
DIFFERMAGS=TRUE
MAGADJUST=0.0
STANDARD=NONE
LTCAPP=NONE
LTCDAYS=-0.013283
LTCTYPE=NONE
REDUCEDMAGS=NONE
UCORMAG=-4.1784
PUBLICATION=
BIBCODE=
DELIMITER=PIPE
ENDMETADATA
DATA=2456356.31207|3.193|0.005|1.054
DATA=2456356.313|3.171|0.004|1.053
DATA=2456356.31387|3.179|0.005|1.052
DATA=2456356.31472|3.181|0.005|1.05
DATA=2456356.31558|3.185|0.005|1.049
DATA=2456356.31644|3.192|0.005|1.049
DATA=2456356.31744|3.178|0.004|1.047
DATA=2456356.3183|3.179|0.006|1.046
DATA=2456356.31916|3.187|0.005|1.046
DATA=2456356.32001|3.195|0.005|1.045
DATA=2456356.32087|3.189|0.005|1.044
DATA=2456356.32183|3.195|0.005|1.043
DATA=2456356.3227|3.192|0.005|1.042
DATA=2456356.32355|3.195|0.004|1.041
DATA=2456356.3244|3.194|0.005|1.04
DATA=2456356.32525|3.195|0.005|1.04
DATA=2456356.32625|3.196|0.005|1.039
DATA=2456356.32711|3.2|0.005|1.038
DATA=2456356.32796|3.19|0.005|1.037
DATA=2456356.32882|3.198|0.004|1.036
DATA=2456356.32968|3.197|0.005|1.036
DATA=2456356.3313|3.204|0.005|1.035
DATA=2456356.33225|3.207|0.005|1.034
DATA=2456356.3331|3.208|0.005|1.033
DATA=2456356.33396|3.207|0.005|1.033
DATA=2456356.3348|3.209|0.005|1.032
DATA=2456356.33565|3.215|0.005|1.031
DATA=2456356.33657|3.213|0.005|1.031
DATA=2456356.33743|3.202|0.004|1.03
DATA=2456356.33828|3.208|0.005|1.03
DATA=2456356.33912|3.213|0.005|1.029
DATA=2456356.33998|3.215|0.004|1.029
DATA=2456356.34095|3.219|0.005|1.028
DATA=2456356.34179|3.221|0.005|1.028
DATA=2456356.34265|3.211|0.005|1.027
DATA=2456356.3435|3.219|0.005|1.027
DATA=2456356.34434|3.222|0.005|1.027
DATA=2456356.34531|3.226|0.005|1.026
DATA=2456356.34616|3.226|0.005|1.026
DATA=2456356.34701|3.222|0.005|1.025
DATA=2456356.34786|3.22|0.005|1.025
DATA=2456356.3487|3.218|0.005|1.025
DATA=2456356.34964|3.218|0.005|1.025
DATA=2456356.3505|3.228|0.005|1.024
DATA=2456356.35134|3.218|0.005|1.024
DATA=2456356.3522|3.228|0.005|1.024
DATA=2456356.35304|3.216|0.005|1.024
DATA=2456356.35397|3.214|0.005|1.023
DATA=2456356.35481|3.231|0.004|1.023
DATA=2456356.35566|3.228|0.004|1.023
DATA=2456356.35652|3.234|0.004|1.023
DATA=2456356.35736|3.235|0.004|1.023
DATA=2456356.35833|3.227|0.004|1.023
DATA=2456356.35919|3.223|0.004|1.022
DATA=2456356.36003|3.221|0.004|1.022
DATA=2456356.36088|3.229|0.004|1.022
DATA=2456356.36174|3.226|0.004|1.022
DATA=2456356.36272|3.232|0.004|1.022
DATA=2456356.36356|3.239|0.004|1.022
DATA=2456356.36442|3.224|0.004|1.022
DATA=2456356.36527|3.233|0.004|1.022
DATA=2456356.36612|3.23|0.004|1.022
DATA=2456356.36704|3.225|0.004|1.022
DATA=2456356.36803|3.226|0.005|1.022
DATA=2456356.36888|3.227|0.004|1.022
DATA=2456356.36973|3.234|0.004|1.023
DATA=2456356.37058|3.226|0.005|1.023
DATA=2456356.37142|3.232|0.004|1.023
DATA=2456356.37235|3.223|0.004|1.023
DATA=2456356.37333|3.225|0.004|1.023
DATA=2456356.37418|3.224|0.004|1.023
DATA=2456356.37502|3.218|0.005|1.024
DATA=2456356.37588|3.229|0.005|1.024
DATA=2456356.37672|3.223|0.005|1.024
DATA=2456356.37765|3.228|0.005|1.024
DATA=2456356.3785|3.225|0.005|1.025
DATA=2456356.37934|3.222|0.005|1.025
DATA=2456356.3802|3.224|0.005|1.025
DATA=2456356.38104|3.222|0.005|1.026
DATA=2456356.38204|3.218|0.005|1.026
DATA=2456356.38288|3.222|0.005|1.026
DATA=2456356.38373|3.228|0.005|1.027
DATA=2456356.38458|3.222|0.005|1.027
DATA=2456356.38543|3.214|0.005|1.028
DATA=2456356.38634|3.209|0.005|1.028
DATA=2456356.3872|3.214|0.004|1.028
DATA=2456356.38804|3.213|0.005|1.029
DATA=2456356.3889|3.213|0.004|1.029
DATA=2456356.38975|3.211|0.005|1.03
DATA=2456356.39071|3.21|0.004|1.031
DATA=2456356.39156|3.207|0.004|1.031
DATA=2456356.39241|3.211|0.005|1.032
DATA=2456356.39326|3.201|0.005|1.032
DATA=2456356.39411|3.203|0.005|1.033
DATA=2456356.39501|3.2|0.004|1.033
DATA=2456356.39587|3.199|0.005|1.034
DATA=2456356.39671|3.197|0.005|1.035
DATA=2456356.39756|3.187|0.005|1.035
DATA=2456356.39841|3.195|0.004|1.036
DATA=2456356.39935|3.195|0.005|1.037
DATA=2456356.4002|3.2|0.005|1.038
DATA=2456356.40104|3.193|0.005|1.038
DATA=2456356.4019|3.188|0.004|1.039
DATA=2456356.40274|3.192|0.004|1.04
DATA=2456356.40374|3.181|0.005|1.041
DATA=2456356.40458|3.182|0.005|1.041
DATA=2456356.40543|3.184|0.005|1.042
DATA=2456356.40628|3.177|0.004|1.043
DATA=2456356.40713|3.178|0.005|1.044
DATA=2456356.40811|3.181|0.005|1.045
DATA=2456356.40896|3.18|0.004|1.046
DATA=2456356.40981|3.177|0.005|1.047
DATA=2456356.41066|3.179|0.005|1.048
DATA=2456356.4115|3.175|0.005|1.049
DATA=2456356.41249|3.173|0.005|1.05
DATA=2456356.41334|3.168|0.005|1.051
DATA=2456356.41419|3.173|0.004|1.052
DATA=2456356.41505|3.166|0.005|1.053
DATA=2456356.41589|3.156|0.005|1.054
DATA=2456356.4169|3.156|0.006|1.055
DATA=2456356.41774|3.163|0.006|1.056
DATA=2456356.4186|3.163|0.006|1.057
DATA=2456356.41944|3.156|0.005|1.059
DATA=2456356.4203|3.151|0.005|1.06
DATA=2456356.42126|3.155|0.005|1.061
DATA=2456356.42211|3.157|0.004|1.062
DATA=2456356.42296|3.158|0.004|1.063
DATA=2456356.42381|3.153|0.005|1.065
DATA=2456356.42465|3.148|0.006|1.066
DATA=2456356.42626|3.144|0.005|1.068
DATA=2456356.42711|3.132|0.006|1.07
DATA=2456356.42796|3.139|0.006|1.071
DATA=2456356.42881|3.134|0.006|1.072
DATA=2456356.42965|3.141|0.005|1.074
DATA=2456356.43066|3.15|0.006|1.075
DATA=2456356.4315|3.145|0.005|1.077
DATA=2456356.43235|3.151|0.004|1.078
DATA=2456356.43321|3.145|0.004|1.08
DATA=2456356.43405|3.148|0.004|1.081
DATA=2456356.43503|3.137|0.004|1.083
DATA=2456356.43589|3.139|0.004|1.084
DATA=2456356.43674|3.145|0.004|1.086
DATA=2456356.43759|3.136|0.004|1.087
DATA=2456356.43844|3.129|0.004|1.089
DATA=2456356.43942|3.14|0.004|1.091
DATA=2456356.44028|3.136|0.004|1.092
DATA=2456356.44112|3.136|0.004|1.094
DATA=2456356.44198|3.132|0.004|1.096
DATA=2456356.44282|3.126|0.004|1.097
DATA=2456356.44381|3.129|0.004|1.099
DATA=2456356.44465|3.133|0.004|1.101
DATA=2456356.4455|3.14|0.003|1.103
DATA=2456356.44635|3.135|0.004|1.105
DATA=2456356.4472|3.14|0.004|1.107
DATA=2456356.44818|3.136|0.004|1.109
DATA=2456356.44903|3.137|0.004|1.111
DATA=2456356.44987|3.138|0.004|1.112
DATA=2456356.45073|3.139|0.004|1.114
DATA=2456356.45157|3.138|0.004|1.116
DATA=2456356.45258|3.143|0.004|1.119
DATA=2456356.45343|3.135|0.004|1.12
DATA=2456356.45427|3.14|0.004|1.122
DATA=2456356.45513|3.137|0.004|1.125
DATA=2456356.45597|3.137|0.005|1.127
DATA=2456356.45697|3.144|0.004|1.129
DATA=2456356.45782|3.138|0.005|1.131
DATA=2456356.45867|3.139|0.005|1.133
DATA=2456356.45951|3.14|0.005|1.135
DATA=2456356.46037|3.144|0.005|1.138
DATA=2456356.46134|3.147|0.005|1.14
DATA=2456356.4622|3.145|0.005|1.142
DATA=2456356.46304|3.145|0.005|1.145
DATA=2456356.46389|3.141|0.006|1.147
DATA=2456356.46475|3.144|0.005|1.149
DATA=2456356.46574|3.134|0.005|1.152
DATA=2456356.46659|3.146|0.005|1.154
DATA=2456356.46744|3.145|0.006|1.157
DATA=2456356.46829|3.144|0.005|1.159
DATA=2456356.46914|3.138|0.005|1.162
DATA=2456356.47012|3.143|0.006|1.164
DATA=2456356.47096|3.138|0.005|1.167
DATA=2456356.47182|3.135|0.005|1.169
DATA=2456356.47266|3.143|0.006|1.172
DATA=2456356.47351|3.135|0.006|1.175
DATA=2456356.47464|3.136|0.006|1.178
DATA=2456356.47549|3.133|0.005|1.181
DATA=2456356.47634|3.133|0.006|1.183
DATA=2456356.47719|3.145|0.005|1.186
DATA=2456356.47803|3.139|0.006|1.189
DATA=2456356.47902|3.133|0.006|1.192
DATA=2456356.47986|3.134|0.006|1.195
DATA=2456356.48071|3.123|0.006|1.198
DATA=2456356.48156|3.135|0.006|1.201
DATA=2456356.48241|3.137|0.006|1.203
DATA=2456356.48339|3.123|0.007|1.207
DATA=2456356.48424|3.133|0.008|1.21
DATA=2456356.48508|3.128|0.008|1.213
DATA=2456356.48594|3.143|0.01|1.216
DATA=2456356.48678|3.136|0.01|1.219
DATA=2456356.48778|3.136|0.01|1.223
DATA=2456356.48863|3.143|0.01|1.226
DATA=2456356.48948|3.145|0.008|1.229
DATA=2456356.49032|3.132|0.012|1.232
DATA=2456356.49118|3.138|0.012|1.235
DATA=2456356.49215|3.137|0.009|1.239
DATA=2456356.493|3.135|0.012|1.242
DATA=2456356.49385|3.131|0.01|1.246
DATA=2456356.4947|3.129|0.011|1.249
DATA=2456356.49554|3.131|0.011|1.252
DATA=2456356.49654|3.143|0.011|1.256
DATA=2456356.4974|3.146|0.009|1.26
DATA=2456356.49824|3.138|0.008|1.263
DATA=2456356.49909|3.144|0.008|1.267
DATA=2456356.49994|3.144|0.009|1.271
DATA=2456356.50091|3.148|0.009|1.275
DATA=2456356.50176|3.141|0.009|1.278
DATA=2456356.5026|3.146|0.008|1.282
DATA=2456356.50346|3.15|0.008|1.286
DATA=2456356.50431|3.136|0.008|1.29
DATA=2456356.50528|3.148|0.007|1.294
DATA=2456356.50613|3.138|0.007|1.298
DATA=2456356.50698|3.149|0.007|1.302
DATA=2456356.50782|3.118|0.008|1.306
DATA=2456356.50868|3.142|0.006|1.31
DATA=2456356.50966|3.142|0.007|1.315
DATA=2456356.51052|3.146|0.006|1.319
DATA=2456356.51137|3.155|0.006|1.323
DATA=2456356.51222|3.139|0.005|1.327
DATA=2456356.51307|3.136|0.006|1.331
DATA=2456356.51404|3.131|0.006|1.336
DATA=2456356.51488|3.124|0.006|1.34
DATA=2456356.51574|3.147|0.006|1.345
DATA=2456356.51659|3.155|0.006|1.349
DATA=2456356.51743|3.124|0.007|1.354
DATA=2456356.5184|3.122|0.007|1.359
DATA=2456356.51925|3.151|0.007|1.363
DATA=2456356.5201|3.118|0.007|1.368
DATA=2456356.52095|3.137|0.008|1.372
DATA=2456356.52181|3.105|0.008|1.377
DATA=2456356.52277|3.113|0.008|1.383
DATA=2456356.52361|3.114|0.008|1.387
DATA=2456356.52447|3.13|0.008|1.392
DATA=2456356.52531|3.121|0.007|1.397
DATA=2456356.52616|3.122|0.008|1.402
DATA=2456356.52713|3.115|0.007|1.408
ENDDATA
STARTMETADATA
REVISEDDATA=FALSE
OBJECTNUMBER=117
OBJECTNAME=Lomia
MPCDESIG=
SESSIONDATE=2013-03-16
SESSIONTIME=22:38:00
CONTACTNAME=M. Audejean
CONTACTINFO=maurice.audejean@wanadoo.fr
OBSERVERS=Audejean
OBSLONGITUDE=-0.2755
OBSLATITUDE=47.1692
OBJECTRA=07:35
OBJECTDEC=+34
PHASE=+17.9
PABL=+113.2
PABB=0.0
FILTER=C
MAGBAND=R
CICORRECTION=FALSE
CIBAND=NONE
CITARGET=+0.000
DIFFERMAGS=TRUE
MAGADJUST=0.0
STANDARD=NONE
LTCAPP=NONE
LTCDAYS=-0.014105
LTCTYPE=NONE
REDUCEDMAGS=NONE
UCORMAG=-4.3114
PUBLICATION=
BIBCODE=
DELIMITER=PIPE
ENDMETADATA
DATA=2456368.35241|3.086|0.002|1.033
DATA=2456368.35332|3.095|0.002|1.034
DATA=2456368.35417|3.087|0.002|1.034
DATA=2456368.35503|3.08|0.002|1.034
DATA=2456368.35588|3.099|0.002|1.035
DATA=2456368.35674|3.079|0.004|1.035
DATA=2456368.35793|3.09|0.002|1.036
DATA=2456368.35878|3.09|0.002|1.037
DATA=2456368.35963|3.084|0.003|1.037
DATA=2456368.36049|3.096|0.004|1.038
DATA=2456368.36133|3.085|0.002|1.039
DATA=2456368.36231|3.069|0.008|1.039
DATA=2456368.36316|3.091|0.003|1.04
DATA=2456368.36402|3.084|0.002|1.041
DATA=2456368.36486|3.086|0.002|1.041
DATA=2456368.36573|3.084|0.002|1.042
DATA=2456368.36664|3.088|0.002|1.043
DATA=2456368.3675|3.081|0.003|1.043
DATA=2456368.36836|3.107|0.004|1.044
DATA=2456368.36921|3.09|0.002|1.045
DATA=2456368.37007|3.087|0.005|1.046
DATA=2456368.3763|3.088|0.003|1.049
DATA=2456368.37714|3.092|0.002|1.05
DATA=2456368.378|3.091|0.002|1.051
DATA=2456368.37885|3.112|0.003|1.052
DATA=2456368.38069|3.094|0.004|1.053
DATA=2456368.38155|3.088|0.006|1.054
DATA=2456368.38241|3.09|0.003|1.055
DATA=2456368.38427|3.082|0.005|1.057
DATA=2456368.38597|3.088|0.003|1.058
DATA=2456368.38683|3.098|0.003|1.059
DATA=2456368.38767|3.127|0.003|1.061
DATA=2456368.38882|3.099|0.003|1.062
DATA=2456368.39138|3.069|0.003|1.064
DATA=2456368.39223|3.064|0.004|1.065
DATA=2456368.39321|3.116|0.004|1.067
DATA=2456368.39491|3.094|0.003|1.068
DATA=2456368.39576|3.065|0.003|1.069
DATA=2456368.39843|3.099|0.003|1.072
DATA=2456368.39928|3.094|0.003|1.073
DATA=2456368.40014|3.058|0.003|1.075
DATA=2456368.40196|3.092|0.003|1.077
DATA=2456368.40281|3.101|0.003|1.079
DATA=2456368.40367|3.087|0.003|1.08
DATA=2456368.40538|3.084|0.003|1.083
DATA=2456368.40634|3.105|0.003|1.085
DATA=2456368.40719|3.088|0.003|1.086
DATA=2456368.40804|3.086|0.007|1.088
DATA=2456368.4089|3.092|0.003|1.09
DATA=2456368.40975|3.088|0.003|1.091
DATA=2456368.41073|3.106|0.005|1.093
DATA=2456368.41159|3.074|0.004|1.094
DATA=2456368.41244|3.089|0.003|1.096
DATA=2456368.4133|3.102|0.003|1.098
DATA=2456368.41414|3.078|0.003|1.099
DATA=2456368.4151|3.088|0.003|1.101
DATA=2456368.41596|3.086|0.003|1.103
DATA=2456368.41682|3.087|0.003|1.105
DATA=2456368.41767|3.081|0.003|1.107
DATA=2456368.41853|3.086|0.003|1.108
DATA=2456368.4195|3.082|0.003|1.11
DATA=2456368.42036|3.088|0.003|1.112
DATA=2456368.4212|3.092|0.003|1.114
DATA=2456368.42205|3.082|0.003|1.116
DATA=2456368.42291|3.084|0.003|1.118
DATA=2456368.42389|3.075|0.003|1.12
DATA=2456368.42473|3.083|0.003|1.122
DATA=2456368.42559|3.095|0.003|1.124
DATA=2456368.42645|3.088|0.003|1.126
DATA=2456368.4273|3.098|0.004|1.128
DATA=2456368.42828|3.089|0.003|1.13
DATA=2456368.42913|3.092|0.005|1.132
DATA=2456368.42999|3.088|0.005|1.135
DATA=2456368.43084|3.096|0.007|1.137
DATA=2456368.4317|3.096|0.007|1.139
DATA=2456368.43265|3.097|0.007|1.141
DATA=2456368.43351|3.102|0.008|1.144
DATA=2456368.43436|3.1|0.008|1.146
DATA=2456368.43522|3.1|0.007|1.148
DATA=2456368.43608|3.101|0.008|1.151
DATA=2456368.43705|3.099|0.007|1.153
DATA=2456368.43791|3.101|0.008|1.156
DATA=2456368.43875|3.096|0.008|1.158
DATA=2456368.44046|3.1|0.007|1.184
DATA=2456368.44144|3.103|0.007|1.187
DATA=2456368.44229|3.107|0.007|1.19
DATA=2456368.44315|3.092|0.007|1.193
DATA=2456368.44399|3.097|0.007|1.196
DATA=2456368.44484|3.092|0.006|1.198
DATA=2456368.4458|3.106|0.005|1.202
DATA=2456368.44666|3.107|0.005|1.204
DATA=2456368.44751|3.096|0.004|1.207
DATA=2456368.44837|3.098|0.005|1.21
DATA=2456368.44922|3.108|0.003|1.213
DATA=2456368.4502|3.105|0.003|1.217
DATA=2456368.45104|3.093|0.007|1.22
DATA=2456368.4519|3.104|0.003|1.223
DATA=2456368.45275|3.103|0.003|1.226
DATA=2456368.45361|3.094|0.003|1.229
DATA=2456368.45456|3.097|0.003|1.233
DATA=2456368.45542|3.093|0.003|1.236
DATA=2456368.45627|3.099|0.003|1.239
DATA=2456368.45713|3.081|0.004|1.243
DATA=2456368.45799|3.083|0.004|1.246
DATA=2456368.45895|3.077|0.005|1.25
DATA=2456368.4598|3.082|0.005|1.253
DATA=2456368.46067|3.075|0.006|1.257
DATA=2456368.46152|3.077|0.007|1.26
DATA=2456368.46238|3.08|0.007|1.264
DATA=2456368.46334|3.048|0.007|1.268
DATA=2456368.4642|3.079|0.006|1.272
DATA=2456368.46506|3.083|0.006|1.275
DATA=2456368.46591|3.075|0.006|1.279
DATA=2456368.46677|3.06|0.007|1.283
DATA=2456368.46955|3.096|0.006|1.291
DATA=2456368.47041|3.078|0.007|1.295
DATA=2456368.47479|3.072|0.028|1.299
DATA=2456368.47918|3.097|0.008|1.32
DATA=2456368.48003|3.09|0.01|1.324
DATA=2456368.48167|3.098|0.008|1.329
DATA=2456368.48263|3.095|0.009|1.333
DATA=2456368.48348|3.104|0.011|1.337
DATA=2456368.48433|3.087|0.011|1.342
DATA=2456368.48519|3.111|0.009|1.346
DATA=2456368.48604|3.099|0.01|1.355
DATA=2456368.48705|3.096|0.01|1.36
DATA=2456368.48791|3.098|0.013|1.365
DATA=2456368.48876|3.137|0.013|1.369
DATA=2456368.48961|3.114|0.011|1.374
DATA=2456368.49046|3.135|0.011|1.379
DATA=2456368.49141|3.102|0.01|1.384
DATA=2456368.49227|3.088|0.014|1.389
DATA=2456368.49313|3.104|0.01|1.394
DATA=2456368.49398|3.109|0.012|1.399
DATA=2456368.49484|3.102|0.012|1.404
DATA=2456368.4958|3.119|0.012|1.41
DATA=2456368.49666|3.106|0.015|1.415
DATA=2456368.49751|3.126|0.01|1.42
DATA=2456368.49837|3.115|0.01|1.425
DATA=2456368.49922|3.139|0.01|1.43
DATA=2456368.50022|3.114|0.009|1.436
DATA=2456368.50106|3.1|0.009|1.442
DATA=2456368.50192|3.104|0.012|1.447
DATA=2456368.50461|3.115|0.013|1.453
DATA=2456368.50545|3.103|0.008|1.458
DATA=2456368.50631|3.095|0.009|1.465
DATA=2456368.50716|3.137|0.023|1.471
DATA=2456368.50802|3.093|0.02|1.477
DATA=2456368.51073|3.124|0.008|1.495
DATA=2456368.51159|3.129|0.009|1.501
DATA=2456368.51244|3.104|0.01|1.507
DATA=2456368.5134|3.114|0.012|1.513
DATA=2456368.51777|3.095|0.013|1.52
DATA=2456368.51862|3.115|0.01|1.527
DATA=2456368.51947|3.126|0.008|1.533
DATA=2456368.52032|3.137|0.011|1.54
ENDDATA
STARTMETADATA
REVISEDDATA=FALSE
OBJECTNUMBER=117
OBJECTNAME=Lomia
MPCDESIG=
SESSIONDATE=2013-03-17
SESSIONTIME=22:47:00
CONTACTNAME=M. Audejean
CONTACTINFO=maurice.audejean@wanadoo.fr
OBSERVERS=Audejean
OBSLONGITUDE=-0.2755
OBSLATITUDE=47.1692
OBJECTRA=07:36
OBJECTDEC=+34
PHASE=+18.0
PABL=+112.4
PABB=0.0
FILTER=C
MAGBAND=R
CICORRECTION=FALSE
CIBAND=NONE
CITARGET=+0.000
DIFFERMAGS=TRUE
MAGADJUST=0.0
STANDARD=NONE
LTCAPP=NONE
LTCDAYS=-0.014176
LTCTYPE=NONE
REDUCEDMAGS=NONE
UCORMAG=-4.3222
PUBLICATION=
BIBCODE=
DELIMITER=PIPE
ENDMETADATA
DATA=2456369.33677|2.949|0.003|1.029
DATA=2456369.33774|2.949|0.003|1.029
DATA=2456369.3386|2.949|0.003|1.029
DATA=2456369.33946|2.951|0.003|1.03
DATA=2456369.34031|2.942|0.003|1.03
DATA=2456369.34117|2.945|0.003|1.03
DATA=2456369.34219|2.939|0.003|1.03
DATA=2456369.34304|2.943|0.004|1.031
DATA=2456369.3439|2.94|0.003|1.031
DATA=2456369.34476|2.943|0.003|1.031
DATA=2456369.34561|2.934|0.003|1.032
DATA=2456369.34657|2.932|0.003|1.032
DATA=2456369.34743|2.931|0.003|1.033
DATA=2456369.34828|2.935|0.003|1.033
DATA=2456369.34913|2.938|0.003|1.033
DATA=2456369.34999|2.931|0.003|1.034
DATA=2456369.351|2.919|0.003|1.034
DATA=2456369.35184|2.92|0.003|1.035
DATA=2456369.3527|2.917|0.003|1.035
DATA=2456369.35355|2.927|0.003|1.036
DATA=2456369.35441|2.933|0.003|1.036
DATA=2456369.35538|2.92|0.003|1.037
DATA=2456369.35624|2.921|0.003|1.037
DATA=2456369.35709|2.916|0.003|1.038
DATA=2456369.35795|2.915|0.003|1.039
DATA=2456369.35881|2.913|0.003|1.039
DATA=2456369.35981|2.913|0.003|1.04
DATA=2456369.36067|2.913|0.003|1.041
DATA=2456369.36153|2.921|0.003|1.041
DATA=2456369.36237|2.913|0.003|1.042
DATA=2456369.36323|2.915|0.003|1.043
DATA=2456369.3642|2.913|0.003|1.044
DATA=2456369.36506|2.919|0.003|1.044
DATA=2456369.36591|2.919|0.003|1.045
DATA=2456369.36677|2.909|0.003|1.046
DATA=2456369.36763|2.914|0.003|1.047
DATA=2456369.36862|2.904|0.003|1.048
DATA=2456369.36948|2.908|0.003|1.048
DATA=2456369.37034|2.91|0.003|1.049
DATA=2456369.37119|2.905|0.003|1.05
DATA=2456369.37205|2.915|0.003|1.051
DATA=2456369.373|2.914|0.003|1.052
DATA=2456369.37385|2.909|0.003|1.053
DATA=2456369.37471|2.911|0.003|1.054
DATA=2456369.37557|2.922|0.003|1.055
DATA=2456369.37642|2.912|0.003|1.056
DATA=2456369.37804|2.919|0.003|1.058
DATA=2456369.37907|2.915|0.003|1.059
DATA=2456369.37993|2.909|0.003|1.06
DATA=2456369.38079|2.912|0.003|1.061
DATA=2456369.38164|2.907|0.003|1.062
DATA=2456369.3825|2.912|0.003|1.064
DATA=2456369.38346|2.913|0.003|1.065
DATA=2456369.38432|2.918|0.003|1.066
DATA=2456369.38517|2.915|0.004|1.067
DATA=2456369.38603|2.909|0.004|1.069
DATA=2456369.38688|2.913|0.003|1.07
DATA=2456369.38788|2.917|0.003|1.071
DATA=2456369.38874|2.915|0.003|1.073
DATA=2456369.38959|2.914|0.003|1.074
DATA=2456369.39045|2.923|0.003|1.075
DATA=2456369.39131|2.907|0.003|1.077
DATA=2456369.39229|2.917|0.003|1.078
DATA=2456369.39314|2.917|0.003|1.079
DATA=2456369.39398|2.913|0.003|1.081
DATA=2456369.39484|2.915|0.003|1.082
DATA=2456369.39569|2.927|0.004|1.084
DATA=2456369.39677|2.915|0.003|1.086
DATA=2456369.39762|2.904|0.003|1.087
DATA=2456369.39847|2.91|0.003|1.089
DATA=2456369.39933|2.903|0.003|1.09
DATA=2456369.40019|2.913|0.003|1.092
DATA=2456369.40122|2.901|0.003|1.094
DATA=2456369.40207|2.901|0.003|1.095
DATA=2456369.40293|2.908|0.003|1.097
DATA=2456369.40378|2.909|0.003|1.099
DATA=2456369.40464|2.909|0.003|1.1
DATA=2456369.40568|2.89|0.003|1.102
DATA=2456369.40654|2.904|0.003|1.104
DATA=2456369.4074|2.911|0.003|1.106
DATA=2456369.40825|2.914|0.003|1.108
DATA=2456369.40911|2.903|0.003|1.11
DATA=2456369.41015|2.905|0.003|1.112
DATA=2456369.41101|2.904|0.003|1.114
DATA=2456369.41186|2.9|0.003|1.116
DATA=2456369.41272|2.907|0.003|1.117
DATA=2456369.41358|2.908|0.003|1.119
DATA=2456369.41461|2.917|0.003|1.122
DATA=2456369.41546|2.905|0.003|1.124
DATA=2456369.41632|2.907|0.003|1.126
DATA=2456369.41718|2.906|0.003|1.128
DATA=2456369.41802|2.907|0.003|1.13
DATA=2456369.41907|2.909|0.003|1.132
DATA=2456369.41993|2.905|0.003|1.134
DATA=2456369.42079|2.912|0.003|1.137
DATA=2456369.42164|2.902|0.004|1.139
DATA=2456369.4225|2.917|0.004|1.141
DATA=2456369.42352|2.919|0.004|1.144
DATA=2456369.42438|2.923|0.004|1.146
DATA=2456369.42523|2.916|0.004|1.148
DATA=2456369.42608|2.921|0.004|1.15
DATA=2456369.42693|2.915|0.004|1.153
DATA=2456369.42794|2.928|0.004|1.156
DATA=2456369.4288|2.922|0.004|1.158
DATA=2456369.42965|2.928|0.004|1.16
DATA=2456369.43051|2.934|0.004|1.163
DATA=2456369.43137|2.916|0.004|1.165
DATA=2456369.43238|2.936|0.004|1.168
DATA=2456369.43324|2.933|0.004|1.171
DATA=2456369.4341|2.94|0.004|1.173
DATA=2456369.43497|2.932|0.004|1.176
DATA=2456369.43581|2.931|0.004|1.179
DATA=2456369.43682|2.937|0.004|1.182
DATA=2456369.43767|2.941|0.004|1.185
DATA=2456369.43853|2.941|0.004|1.187
DATA=2456369.43939|2.939|0.004|1.19
DATA=2456369.44024|2.935|0.004|1.193
DATA=2456369.44185|2.937|0.004|1.198
DATA=2456369.44287|2.944|0.003|1.202
DATA=2456369.44372|2.942|0.004|1.204
DATA=2456369.44457|2.949|0.004|1.207
DATA=2456369.44543|2.941|0.004|1.21
DATA=2456369.44628|2.948|0.003|1.213
DATA=2456369.44733|2.944|0.004|1.217
DATA=2456369.44818|2.949|0.004|1.22
DATA=2456369.44904|2.957|0.005|1.223
DATA=2456369.4499|2.939|0.003|1.226
DATA=2456369.45075|2.944|0.004|1.23
DATA=2456369.45181|2.943|0.004|1.234
DATA=2456369.45266|2.944|0.004|1.237
DATA=2456369.45352|2.936|0.005|1.24
DATA=2456369.45438|2.945|0.004|1.243
DATA=2456369.45522|2.946|0.004|1.247
DATA=2456369.45625|2.949|0.004|1.251
DATA=2456369.45711|2.944|0.004|1.254
DATA=2456369.45796|2.942|0.003|1.258
DATA=2456369.45882|2.941|0.004|1.261
DATA=2456369.45968|2.943|0.003|1.265
DATA=2456369.46067|2.942|0.003|1.269
DATA=2456369.46153|2.935|0.004|1.273
DATA=2456369.46238|2.947|0.004|1.276
DATA=2456369.46324|2.94|0.004|1.28
DATA=2456369.4641|2.939|0.005|1.284
DATA=2456369.46513|2.934|0.005|1.288
DATA=2456369.46597|2.932|0.006|1.292
DATA=2456369.46683|2.94|0.005|1.296
DATA=2456369.46769|2.943|0.004|1.3
DATA=2456369.46854|2.939|0.003|1.304
DATA=2456369.46955|2.95|0.004|1.309
DATA=2456369.47041|2.949|0.003|1.313
DATA=2456369.47126|2.939|0.003|1.317
DATA=2456369.47212|2.952|0.003|1.321
DATA=2456369.47297|2.942|0.003|1.325
DATA=2456369.47402|2.937|0.003|1.33
DATA=2456369.47487|2.955|0.004|1.335
DATA=2456369.47573|2.951|0.003|1.339
DATA=2456369.47659|2.958|0.005|1.343
DATA=2456369.47744|2.945|0.003|1.348
DATA=2456369.47848|2.953|0.003|1.353
DATA=2456369.47934|2.94|0.003|1.358
DATA=2456369.4802|2.95|0.003|1.362
DATA=2456369.48105|2.946|0.004|1.367
DATA=2456369.48191|2.949|0.004|1.372
DATA=2456369.48293|2.944|0.004|1.377
DATA=2456369.48377|2.951|0.004|1.382
DATA=2456369.48463|2.957|0.003|1.387
DATA=2456369.48549|2.938|0.003|1.392
DATA=2456369.48634|2.951|0.003|1.397
DATA=2456369.48736|2.958|0.004|1.403
DATA=2456369.48822|2.95|0.004|1.408
DATA=2456369.48907|2.947|0.004|1.413
DATA=2456369.48993|2.948|0.004|1.418
DATA=2456369.49078|2.953|0.004|1.423
DATA=2456369.49178|2.953|0.004|1.43
DATA=2456369.49264|2.965|0.004|1.435
DATA=2456369.4935|2.954|0.004|1.44
DATA=2456369.49435|2.963|0.004|1.446
DATA=2456369.49521|2.963|0.004|1.451
DATA=2456369.4962|2.954|0.004|1.458
DATA=2456369.49706|2.953|0.004|1.463
DATA=2456369.49792|2.967|0.004|1.469
DATA=2456369.49878|2.962|0.004|1.475
DATA=2456369.49963|2.958|0.004|1.481
DATA=2456369.50066|2.954|0.004|1.488
DATA=2456369.50152|2.955|0.004|1.494
DATA=2456369.50237|2.958|0.004|1.5
DATA=2456369.50322|2.964|0.004|1.506
DATA=2456369.50409|2.961|0.004|1.512
DATA=2456369.50513|2.954|0.009|1.52
DATA=2456369.50598|2.953|0.004|1.526
DATA=2456369.50684|2.967|0.011|1.533
DATA=2456369.5077|2.963|0.008|1.539
DATA=2456369.50855|2.966|0.007|1.546
DATA=2456369.50961|2.95|0.004|1.554
DATA=2456369.51046|2.958|0.006|1.56
DATA=2456369.51132|2.978|0.004|1.567
DATA=2456369.51218|2.976|0.004|1.574
DATA=2456369.51302|2.968|0.005|1.581
DATA=2456369.51409|2.944|0.004|1.59
DATA=2456369.51493|2.962|0.004|1.597
DATA=2456369.51579|2.968|0.004|1.604
DATA=2456369.51664|2.947|0.004|1.611
DATA=2456369.5175|2.967|0.004|1.618
DATA=2456369.51852|2.968|0.004|1.627
DATA=2456369.51938|2.967|0.004|1.635
DATA=2456369.52022|2.954|0.004|1.642
DATA=2456369.52106|2.963|0.004|1.65
DATA=2456369.52192|2.961|0.004|1.658
DATA=2456369.52462|2.964|0.005|1.675
DATA=2456369.52632|2.965|0.004|1.683
DATA=2456369.52816|2.974|0.004|1.699
DATA=2456369.52902|2.969|0.004|1.709
DATA=2456369.52986|2.968|0.004|1.717
DATA=2456369.53071|2.969|0.004|1.726
DATA=2456369.5317|2.978|0.005|1.734
DATA=2456369.53256|2.972|0.004|1.743
DATA=2456369.5334|2.968|0.004|1.753
DATA=2456369.53425|2.978|0.005|1.762
DATA=2456369.5351|2.97|0.005|1.771
DATA=2456369.53669|2.969|0.007|1.78
DATA=2456369.53771|2.976|0.005|1.79
DATA=2456369.53855|2.958|0.005|1.807
DATA=2456369.53941|2.972|0.006|1.819
DATA=2456369.54025|2.969|0.007|1.828
DATA=2456369.5411|2.955|0.005|1.838
DATA=2456369.54208|2.96|0.011|1.848
DATA=2456369.54293|2.965|0.007|1.858
DATA=2456369.54378|2.948|0.005|1.87
DATA=2456369.54463|2.966|0.005|1.88
DATA=2456369.54547|2.97|0.037|1.891
DATA=2456369.54729|2.962|0.005|1.901
DATA=2456369.54814|2.961|0.005|1.912
DATA=2456369.54984|2.96|0.005|1.935
DATA=2456369.55084|2.955|0.004|1.946
DATA=2456369.55169|2.954|0.004|1.958
DATA=2456369.55255|2.951|0.005|1.969
DATA=2456369.55339|2.964|0.004|1.983
DATA=2456369.55425|2.964|0.005|1.995
DATA=2456369.55527|2.963|0.009|2.006
DATA=2456369.55611|2.959|0.005|2.018
DATA=2456369.55697|2.961|0.004|2.031
DATA=2456369.55781|2.962|0.004|2.046
DATA=2456369.55866|2.959|0.005|2.058
DATA=2456369.55969|2.958|0.005|2.071
DATA=2456369.56053|2.963|0.005|2.084
DATA=2456369.56138|2.96|0.004|2.097
DATA=2456369.56223|2.972|0.004|2.113
DATA=2456369.56308|2.955|0.004|2.126
DATA=2456369.56407|2.972|0.006|2.14
DATA=2456369.56492|2.972|0.004|2.153
DATA=2456369.56578|2.974|0.005|2.167
DATA=2456369.56662|2.964|0.005|2.184
DATA=2456369.56747|2.959|0.005|2.198
DATA=2456369.56846|2.975|0.004|2.213
DATA=2456369.56931|2.96|0.017|2.228
DATA=2456369.57016|2.967|0.02|2.243
ENDDATA
