STARTMETADATA
REVISEDDATA=FALSE
OBJECTNUMBER=472
OBJECTNAME=Roma
MPCDESIG=1901 GP
SESSIONDATE=2013-02-05
SESSIONTIME=21:26:00
CONTACTNAME=M. Audejean
CONTACTINFO=maurice.audejean@wanadoo.fr
OBSERVERS=Audejean
OBSLONGITUDE=-0,2755
OBSLATITUDE=47,1692
OBJECTRA=09:30
OBJECTDEC=+20
PHASE=0.0
PABL=0.0
PABB=0.0
FILTER=C
MAGBAND=R
CICORRECTION=FALSE
CIBAND=NONE
CITARGET=+0.000
DIFFERMAGS=TRUE
MAGADJUST=0.0
STANDARD=NONE
LTCAPP=NONE
LTCDAYS=0.0
LTCTYPE=NONE
REDUCEDMAGS=NONE
UCORMAG=0.0
PUBLICATION=
BIBCODE=
DELIMITER=PIPE
ENDMETADATA
DATA=2456329.31597|1.073|0.002|2.249
DATA=2456329.31686|1.089|0.002|2.232
DATA=2456329.31772|1.095|0.002|2.216
DATA=2456329.31856|1.096|0.002|2.2
DATA=2456329.31942|1.093|0.004|2.184
DATA=2456329.32028|1.081|0.003|2.169
DATA=2456329.32125|1.095|0.002|2.152
DATA=2456329.32211|1.104|0.002|2.137
DATA=2456329.32296|1.1|0.002|2.123
DATA=2456329.32381|1.107|0.002|2.109
DATA=2456329.32466|1.123|0.002|2.094
DATA=2456329.32567|1.125|0.002|2.078
DATA=2456329.32652|1.123|0.002|2.064
DATA=2456329.32737|1.131|0.002|2.051
DATA=2456329.32822|1.127|0.002|2.038
DATA=2456329.32907|1.123|0.002|2.025
DATA=2456329.33|1.148|0.002|2.011
DATA=2456329.33086|1.155|0.002|1.998
DATA=2456329.33171|1.15|0.002|1.985
DATA=2456329.33256|1.152|0.002|1.973
DATA=2456329.3334|1.149|0.002|1.961
DATA=2456329.33436|1.163|0.002|1.948
DATA=2456329.33521|1.151|0.002|1.936
DATA=2456329.33606|1.162|0.002|1.925
DATA=2456329.33691|1.168|0.002|1.913
DATA=2456329.33775|1.169|0.002|1.902
DATA=2456329.33872|1.184|0.002|1.89
DATA=2456329.33956|1.18|0.002|1.879
DATA=2456329.34042|1.17|0.002|1.868
DATA=2456329.34126|1.192|0.002|1.858
DATA=2456329.34211|1.187|0.002|1.847
DATA=2456329.34301|1.19|0.002|1.836
DATA=2456329.34385|1.197|0.002|1.826
DATA=2456329.34471|1.193|0.002|1.816
DATA=2456329.34556|1.202|0.002|1.806
DATA=2456329.3464|1.21|0.002|1.797
DATA=2456329.34737|1.207|0.002|1.786
DATA=2456329.34823|1.218|0.002|1.776
DATA=2456329.34907|1.223|0.002|1.767
DATA=2456329.34993|1.234|0.002|1.758
DATA=2456329.35078|1.223|0.002|1.749
DATA=2456329.35166|1.231|0.003|1.739
DATA=2456329.3525|1.234|0.003|1.731
DATA=2456329.35336|1.23|0.002|1.722
DATA=2456329.3542|1.223|0.003|1.713
DATA=2456329.35505|1.229|0.003|1.705
DATA=2456329.35603|1.238|0.003|1.695
DATA=2456329.35688|1.247|0.003|1.687
DATA=2456329.35772|1.257|0.002|1.679
DATA=2456329.35858|1.245|0.003|1.671
DATA=2456329.35942|1.247|0.003|1.663
DATA=2456329.36031|1.244|0.003|1.655
DATA=2456329.36117|1.255|0.003|1.647
DATA=2456329.36201|1.257|0.003|1.639
DATA=2456329.36286|1.275|0.003|1.632
DATA=2456329.36372|1.247|0.003|1.624
DATA=2456329.36461|1.251|0.003|1.617
DATA=2456329.36546|1.26|0.003|1.609
DATA=2456329.36631|1.264|0.003|1.602
DATA=2456329.36715|1.26|0.004|1.595
DATA=2456329.36801|1.26|0.004|1.588
DATA=2456329.36896|1.26|0.003|1.581
DATA=2456329.36981|1.27|0.004|1.574
DATA=2456329.37066|1.269|0.004|1.567
DATA=2456329.3715|1.268|0.003|1.56
DATA=2456329.37236|1.266|0.003|1.554
DATA=2456329.37326|1.263|0.003|1.547
DATA=2456329.37412|1.266|0.003|1.541
DATA=2456329.37497|1.269|0.004|1.534
DATA=2456329.37582|1.267|0.003|1.528
DATA=2456329.37667|1.265|0.003|1.522
DATA=2456329.37762|1.268|0.003|1.515
DATA=2456329.37846|1.27|0.003|1.509
DATA=2456329.37931|1.263|0.003|1.503
DATA=2456329.38016|1.274|0.003|1.497
DATA=2456329.38101|1.265|0.002|1.492
DATA=2456329.38192|1.261|0.002|1.485
DATA=2456329.38277|1.262|0.002|1.48
DATA=2456329.38361|1.261|0.002|1.474
DATA=2456329.38447|1.252|0.002|1.469
DATA=2456329.38531|1.254|0.002|1.464
DATA=2456329.38627|1.261|0.002|1.458
DATA=2456329.38713|1.253|0.002|1.452
DATA=2456329.38797|1.256|0.002|1.447
DATA=2456329.38882|1.256|0.005|1.442
DATA=2456329.38968|1.224|0.003|1.437
DATA=2456329.39058|1.224|0.004|1.431
DATA=2456329.39144|1.263|0.002|1.426
DATA=2456329.39228|1.23|0.002|1.421
DATA=2456329.39314|1.234|0.002|1.417
DATA=2456329.39398|1.23|0.002|1.412
DATA=2456329.39486|1.218|0.002|1.407
DATA=2456329.39571|1.219|0.002|1.402
DATA=2456329.39656|1.227|0.002|1.398
DATA=2456329.39741|1.219|0.002|1.393
DATA=2456329.39825|1.219|0.002|1.389
DATA=2456329.3992|1.227|0.002|1.384
DATA=2456329.40006|1.213|0.002|1.379
DATA=2456329.4009|1.21|0.002|1.375
DATA=2456329.40175|1.208|0.002|1.371
DATA=2456329.4026|1.211|0.002|1.367
DATA=2456329.40352|1.199|0.002|1.362
DATA=2456329.40438|1.203|0.005|1.358
DATA=2456329.40522|1.193|0.002|1.354
DATA=2456329.40608|1.148|0.002|1.35
DATA=2456329.40692|1.184|0.002|1.346
DATA=2456329.40781|1.181|0.002|1.342
DATA=2456329.40867|1.162|0.002|1.338
DATA=2456329.40951|1.173|0.002|1.334
DATA=2456329.41037|1.167|0.002|1.33
DATA=2456329.41122|1.162|0.002|1.327
DATA=2456329.41218|1.164|0.002|1.322
DATA=2456329.41302|1.161|0.002|1.319
DATA=2456329.41388|1.155|0.002|1.315
DATA=2456329.41472|1.154|0.002|1.312
DATA=2456329.41558|1.151|0.002|1.308
DATA=2456329.41647|1.146|0.002|1.304
DATA=2456329.41731|1.134|0.002|1.301
DATA=2456329.41817|1.139|0.002|1.298
DATA=2456329.41902|1.131|0.002|1.294
DATA=2456329.41986|1.127|0.002|1.291
DATA=2456329.42082|1.131|0.002|1.287
DATA=2456329.42168|1.138|0.002|1.284
DATA=2456329.42252|1.126|0.002|1.281
DATA=2456329.42338|1.115|0.003|1.278
DATA=2456329.42422|1.112|0.004|1.275
DATA=2456329.4252|1.102|0.004|1.271
DATA=2456329.42604|1.103|0.005|1.268
DATA=2456329.42689|1.106|0.004|1.265
DATA=2456329.42774|1.102|0.005|1.262
DATA=2456329.42859|1.102|0.004|1.26
DATA=2456329.42956|1.097|0.005|1.256
DATA=2456329.43042|1.088|0.007|1.254
DATA=2456329.43126|1.089|0.007|1.251
DATA=2456329.43211|1.089|0.006|1.248
DATA=2456329.43296|1.084|0.007|1.245
DATA=2456329.43394|1.087|0.009|1.242
DATA=2456329.43479|1.073|0.01|1.24
DATA=2456329.43564|1.081|0.014|1.237
DATA=2456329.43648|1.063|0.011|1.235
DATA=2456329.43734|1.073|0.005|1.232
DATA=2456329.43831|1.07|0.004|1.229
DATA=2456329.43916|1.054|0.003|1.227
DATA=2456329.44001|1.038|0.003|1.224
DATA=2456329.44086|1.047|0.002|1.222
DATA=2456329.4417|1.046|0.002|1.22
DATA=2456329.44267|1.058|0.002|1.217
DATA=2456329.44352|1.065|0.002|1.215
DATA=2456329.44436|1.054|0.002|1.213
DATA=2456329.44522|1.047|0.002|1.21
DATA=2456329.44606|1.046|0.002|1.208
DATA=2456329.44703|1.053|0.002|1.206
DATA=2456329.44788|1.045|0.002|1.204
DATA=2456329.44873|1.073|0.003|1.202
DATA=2456329.44957|1.032|0.003|1.2
DATA=2456329.45043|1.03|0.003|1.198
DATA=2456329.4514|1.028|0.003|1.195
DATA=2456329.45226|1.029|0.003|1.193
DATA=2456329.4531|1.028|0.003|1.191
DATA=2456329.45395|1.025|0.003|1.19
DATA=2456329.4548|1.019|0.002|1.188
DATA=2456329.45578|1.057|0.002|1.186
DATA=2456329.45663|1.022|0.002|1.184
DATA=2456329.45748|1.015|0.002|1.182
DATA=2456329.45833|1.017|0.002|1.18
DATA=2456329.45918|1.019|0.002|1.179
DATA=2456329.46015|1.036|0.002|1.177
DATA=2456329.46101|1.021|0.003|1.175
DATA=2456329.46185|1.022|0.003|1.173
DATA=2456329.46271|1.016|0.003|1.172
DATA=2456329.46355|1.007|0.003|1.17
DATA=2456329.46451|1.023|0.003|1.169
DATA=2456329.46536|1.013|0.003|1.167
DATA=2456329.46622|1.011|0.003|1.166
DATA=2456329.46706|1.012|0.004|1.164
DATA=2456329.46791|1.001|0.005|1.163
DATA=2456329.46882|0.999|0.007|1.161
DATA=2456329.46966|1.041|0.008|1.16
DATA=2456329.47051|0.993|0.011|1.159
ENDDATA
STARTMETADATA
REVISEDDATA=FALSE
OBJECTNUMBER=472
OBJECTNAME=Roma
MPCDESIG=1901 GP
SESSIONDATE=2013-02-12
SESSIONTIME=00:17:00
CONTACTNAME=M. Audejean
CONTACTINFO=maurice.audejean@wanadoo.fr
OBSERVERS=Audejean
OBSLONGITUDE=-0.2755
OBSLATITUDE=47.1692
OBJECTRA=09:25
OBJECTDEC=+21
PHASE=+3.4
PABL=+171.4
PABB=0.0
FILTER=C
MAGBAND=R
CICORRECTION=FALSE
CIBAND=NONE
CITARGET=+0.000
DIFFERMAGS=TRUE
MAGADJUST=0.0
STANDARD=NONE
LTCAPP=NONE
LTCDAYS=-0.008589
LTCTYPE=NONE
REDUCEDMAGS=NONE
UCORMAG=-2.8256
PUBLICATION=
BIBCODE=
DELIMITER=PIPE
ENDMETADATA
DATA=2456335.42909|0.904|0.003|1.187
DATA=2456335.42962|0.916|0.002|1.185
DATA=2456335.43013|0.903|0.002|1.184
DATA=2456335.43065|0.904|0.002|1.183
DATA=2456335.43116|0.912|0.002|1.182
DATA=2456335.43167|0.905|0.002|1.181
DATA=2456335.43229|0.916|0.002|1.179
DATA=2456335.4328|0.913|0.003|1.178
DATA=2456335.43331|0.906|0.002|1.177
DATA=2456335.43381|0.911|0.002|1.176
DATA=2456335.43432|0.91|0.002|1.175
DATA=2456335.43494|0.924|0.002|1.174
DATA=2456335.43545|0.922|0.002|1.173
DATA=2456335.43595|0.929|0.003|1.172
DATA=2456335.43646|0.934|0.002|1.17
DATA=2456335.43697|0.926|0.002|1.169
DATA=2456335.43753|0.93|0.002|1.168
DATA=2456335.43804|0.923|0.002|1.167
DATA=2456335.43855|0.939|0.002|1.166
DATA=2456335.43906|0.933|0.002|1.165
DATA=2456335.43956|0.939|0.003|1.164
DATA=2456335.44014|0.947|0.003|1.163
DATA=2456335.44065|0.951|0.002|1.162
DATA=2456335.44116|0.952|0.002|1.161
DATA=2456335.44166|0.948|0.002|1.16
DATA=2456335.44216|0.947|0.002|1.16
DATA=2456335.44274|0.951|0.002|1.159
DATA=2456335.44325|0.954|0.002|1.158
DATA=2456335.44375|0.953|0.002|1.157
DATA=2456335.44426|0.97|0.002|1.156
DATA=2456335.44477|0.964|0.002|1.155
DATA=2456335.44541|0.96|0.002|1.154
DATA=2456335.4459|0.958|0.002|1.153
DATA=2456335.44641|0.967|0.002|1.152
DATA=2456335.44691|0.96|0.002|1.151
DATA=2456335.44742|0.979|0.003|1.151
DATA=2456335.44799|0.967|0.002|1.15
DATA=2456335.4485|0.975|0.002|1.149
DATA=2456335.449|0.972|0.002|1.148
DATA=2456335.44951|0.985|0.003|1.147
DATA=2456335.45002|0.977|0.002|1.147
DATA=2456335.45059|0.982|0.002|1.146
DATA=2456335.4511|0.986|0.002|1.145
DATA=2456335.45161|0.986|0.003|1.144
DATA=2456335.45211|0.992|0.002|1.143
DATA=2456335.45262|0.99|0.002|1.143
DATA=2456335.45323|0.987|0.002|1.142
DATA=2456335.45374|0.995|0.002|1.141
DATA=2456335.45425|0.996|0.002|1.14
DATA=2456335.45476|0.999|0.002|1.14
DATA=2456335.45527|1.002|0.002|1.139
DATA=2456335.45586|1.003|0.002|1.138
DATA=2456335.45637|1.005|0.002|1.138
DATA=2456335.45688|1.008|0.002|1.137
DATA=2456335.45737|1.013|0.003|1.136
DATA=2456335.45788|1.013|0.002|1.136
DATA=2456335.45847|1.023|0.002|1.135
DATA=2456335.45898|1.014|0.003|1.134
DATA=2456335.45949|1.023|0.002|1.134
DATA=2456335.46|1.016|0.003|1.133
DATA=2456335.46051|1.034|0.002|1.133
DATA=2456335.46112|1.032|0.002|1.132
DATA=2456335.46163|1.03|0.002|1.131
DATA=2456335.46214|1.041|0.002|1.131
DATA=2456335.46264|1.029|0.002|1.13
DATA=2456335.46315|1.039|0.002|1.13
DATA=2456335.46377|1.045|0.003|1.129
DATA=2456335.46428|1.046|0.002|1.128
DATA=2456335.46479|1.045|0.002|1.128
DATA=2456335.4653|1.048|0.002|1.127
DATA=2456335.4658|1.053|0.003|1.127
DATA=2456335.46637|1.054|0.002|1.126
DATA=2456335.46686|1.052|0.002|1.126
DATA=2456335.46737|1.057|0.002|1.125
DATA=2456335.46787|1.064|0.002|1.125
DATA=2456335.46838|1.061|0.003|1.124
DATA=2456335.46897|1.066|0.002|1.124
DATA=2456335.46948|1.061|0.002|1.124
DATA=2456335.46998|1.069|0.002|1.123
DATA=2456335.47049|1.074|0.002|1.123
DATA=2456335.471|1.071|0.002|1.122
DATA=2456335.47156|1.08|0.002|1.122
DATA=2456335.47207|1.08|0.003|1.121
DATA=2456335.47258|1.085|0.002|1.121
DATA=2456335.47309|1.079|0.002|1.121
DATA=2456335.47359|1.084|0.002|1.12
DATA=2456335.47419|1.089|0.003|1.12
DATA=2456335.47469|1.083|0.003|1.12
DATA=2456335.47519|1.095|0.002|1.119
DATA=2456335.47569|1.086|0.002|1.119
DATA=2456335.4762|1.094|0.002|1.118
DATA=2456335.47678|1.087|0.003|1.118
DATA=2456335.4773|1.092|0.002|1.118
DATA=2456335.4778|1.098|0.002|1.118
DATA=2456335.47831|1.098|0.002|1.117
DATA=2456335.47882|1.099|0.002|1.117
DATA=2456335.47938|1.107|0.003|1.117
DATA=2456335.47988|1.104|0.003|1.116
DATA=2456335.48039|1.099|0.002|1.116
DATA=2456335.48089|1.104|0.002|1.116
DATA=2456335.4814|1.116|0.002|1.116
DATA=2456335.48197|1.115|0.002|1.115
DATA=2456335.48248|1.104|0.002|1.115
DATA=2456335.48299|1.12|0.002|1.115
DATA=2456335.4835|1.118|0.002|1.115
DATA=2456335.48399|1.11|0.003|1.114
DATA=2456335.48456|1.112|0.002|1.114
DATA=2456335.48507|1.108|0.002|1.114
DATA=2456335.48557|1.111|0.002|1.114
DATA=2456335.48608|1.118|0.003|1.114
DATA=2456335.48657|1.124|0.002|1.114
DATA=2456335.48727|1.12|0.002|1.113
DATA=2456335.48779|1.114|0.002|1.113
DATA=2456335.48829|1.117|0.002|1.113
DATA=2456335.4888|1.121|0.002|1.113
DATA=2456335.48931|1.118|0.003|1.113
DATA=2456335.48993|1.132|0.003|1.113
DATA=2456335.49043|1.124|0.002|1.113
DATA=2456335.49094|1.122|0.002|1.112
DATA=2456335.49144|1.133|0.003|1.112
DATA=2456335.49194|1.126|0.002|1.112
DATA=2456335.49259|1.132|0.002|1.112
DATA=2456335.49309|1.13|0.003|1.112
DATA=2456335.4936|1.132|0.002|1.112
DATA=2456335.4941|1.127|0.002|1.112
DATA=2456335.49461|1.13|0.003|1.112
DATA=2456335.49525|1.132|0.002|1.112
DATA=2456335.49576|1.139|0.002|1.112
DATA=2456335.49626|1.132|0.003|1.112
DATA=2456335.49676|1.133|0.002|1.112
DATA=2456335.49727|1.129|0.003|1.112
DATA=2456335.49789|1.133|0.002|1.112
DATA=2456335.4984|1.129|0.002|1.112
DATA=2456335.4989|1.125|0.002|1.112
DATA=2456335.49941|1.126|0.002|1.112
DATA=2456335.49992|1.131|0.002|1.112
DATA=2456335.50054|1.14|0.002|1.112
DATA=2456335.50105|1.131|0.002|1.112
DATA=2456335.50155|1.135|0.003|1.112
DATA=2456335.50206|1.14|0.003|1.112
DATA=2456335.50256|1.131|0.003|1.112
DATA=2456335.50318|1.135|0.003|1.113
DATA=2456335.50369|1.128|0.002|1.113
DATA=2456335.5042|1.132|0.002|1.113
DATA=2456335.50471|1.133|0.002|1.113
DATA=2456335.50521|1.126|0.002|1.113
DATA=2456335.50584|1.123|0.002|1.113
DATA=2456335.50634|1.126|0.002|1.113
DATA=2456335.50685|1.126|0.002|1.114
DATA=2456335.50735|1.129|0.002|1.114
DATA=2456335.50786|1.115|0.004|1.114
DATA=2456335.50846|1.119|0.002|1.114
DATA=2456335.50896|1.109|0.002|1.114
DATA=2456335.50947|1.12|0.003|1.114
DATA=2456335.50998|1.119|0.003|1.115
DATA=2456335.51047|1.109|0.003|1.115
DATA=2456335.5111|1.108|0.003|1.115
DATA=2456335.5116|1.109|0.003|1.115
DATA=2456335.51211|1.112|0.003|1.116
DATA=2456335.51262|1.108|0.003|1.116
DATA=2456335.51311|1.12|0.002|1.116
DATA=2456335.51374|1.108|0.002|1.116
DATA=2456335.51425|1.102|0.002|1.117
DATA=2456335.51475|1.107|0.002|1.117
DATA=2456335.51524|1.103|0.002|1.117
DATA=2456335.51576|1.102|0.002|1.118
DATA=2456335.51635|1.098|0.002|1.118
DATA=2456335.51685|1.09|0.002|1.118
DATA=2456335.51736|1.086|0.002|1.119
DATA=2456335.51786|1.089|0.003|1.119
DATA=2456335.51837|1.093|0.003|1.119
DATA=2456335.519|1.09|0.003|1.12
DATA=2456335.5195|1.09|0.003|1.12
DATA=2456335.52001|1.095|0.002|1.12
DATA=2456335.52052|1.075|0.002|1.121
DATA=2456335.52102|1.083|0.002|1.121
DATA=2456335.5216|1.084|0.002|1.122
DATA=2456335.52211|1.079|0.002|1.122
DATA=2456335.52262|1.07|0.003|1.122
DATA=2456335.52313|1.082|0.002|1.123
DATA=2456335.52362|1.074|0.004|1.123
DATA=2456335.52422|1.069|0.002|1.124
DATA=2456335.52472|1.067|0.002|1.124
DATA=2456335.52523|1.073|0.002|1.125
DATA=2456335.52574|1.063|0.003|1.125
DATA=2456335.52625|1.062|0.002|1.126
DATA=2456335.52683|1.059|0.003|1.126
DATA=2456335.52734|1.046|0.002|1.127
DATA=2456335.52785|1.047|0.003|1.127
DATA=2456335.52834|1.049|0.002|1.128
DATA=2456335.52885|1.056|0.002|1.128
DATA=2456335.52949|1.041|0.002|1.129
DATA=2456335.52999|1.034|0.002|1.129
DATA=2456335.5305|1.043|0.003|1.13
DATA=2456335.53101|1.037|0.002|1.13
DATA=2456335.53152|1.037|0.002|1.131
DATA=2456335.53213|1.035|0.002|1.132
DATA=2456335.53264|1.033|0.002|1.132
DATA=2456335.53315|1.032|0.002|1.133
DATA=2456335.53365|1.027|0.002|1.133
DATA=2456335.53416|1.032|0.002|1.134
DATA=2456335.5348|1.026|0.002|1.135
DATA=2456335.53531|1.022|0.003|1.135
DATA=2456335.53581|1.021|0.003|1.136
DATA=2456335.53632|1.023|0.002|1.137
DATA=2456335.53683|1.012|0.003|1.137
DATA=2456335.53745|1.017|0.002|1.138
DATA=2456335.53795|1.016|0.002|1.139
DATA=2456335.53846|1.004|0.002|1.139
DATA=2456335.53897|1.002|0.002|1.14
DATA=2456335.53948|1.011|0.002|1.141
DATA=2456335.5401|1.01|0.002|1.142
DATA=2456335.54061|1.001|0.002|1.142
DATA=2456335.54112|0.997|0.002|1.143
DATA=2456335.54163|0.994|0.002|1.144
DATA=2456335.54213|0.981|0.002|1.145
DATA=2456335.54279|0.996|0.002|1.146
DATA=2456335.54329|0.985|0.003|1.146
DATA=2456335.5438|0.983|0.003|1.147
DATA=2456335.54429|0.993|0.003|1.148
DATA=2456335.5448|0.979|0.002|1.149
DATA=2456335.54544|0.987|0.003|1.15
DATA=2456335.54596|0.982|0.002|1.151
DATA=2456335.54646|0.988|0.002|1.151
DATA=2456335.54697|0.984|0.002|1.152
DATA=2456335.54748|0.975|0.004|1.153
DATA=2456335.5481|0.975|0.002|1.154
DATA=2456335.54861|0.965|0.003|1.155
DATA=2456335.54912|0.962|0.003|1.156
DATA=2456335.54962|0.975|0.002|1.157
DATA=2456335.55013|0.963|0.002|1.158
DATA=2456335.55078|0.961|0.003|1.159
DATA=2456335.55128|0.957|0.003|1.16
DATA=2456335.55178|0.956|0.002|1.161
DATA=2456335.55229|0.953|0.003|1.161
DATA=2456335.5528|0.939|0.002|1.162
DATA=2456335.55341|0.954|0.003|1.164
DATA=2456335.55392|0.939|0.002|1.165
DATA=2456335.55442|0.944|0.003|1.165
DATA=2456335.55493|0.935|0.003|1.166
DATA=2456335.55543|0.938|0.002|1.167
DATA=2456335.55605|0.937|0.002|1.169
DATA=2456335.55656|0.932|0.003|1.17
DATA=2456335.55707|0.926|0.003|1.171
DATA=2456335.55758|0.916|0.002|1.172
DATA=2456335.55808|0.928|0.002|1.173
DATA=2456335.55868|0.927|0.002|1.174
DATA=2456335.55919|0.927|0.003|1.175
DATA=2456335.5597|0.922|0.002|1.176
DATA=2456335.5602|0.916|0.003|1.177
DATA=2456335.56071|0.927|0.003|1.178
DATA=2456335.56134|0.928|0.002|1.18
DATA=2456335.56184|0.919|0.002|1.181
DATA=2456335.56235|0.918|0.004|1.182
DATA=2456335.56286|0.912|0.003|1.183
DATA=2456335.56337|0.917|0.003|1.184
DATA=2456335.564|0.912|0.003|1.186
DATA=2456335.56451|0.919|0.003|1.187
DATA=2456335.56502|0.902|0.003|1.188
DATA=2456335.56552|0.914|0.003|1.189
DATA=2456335.56603|0.91|0.003|1.19
DATA=2456335.56667|0.894|0.002|1.192
DATA=2456335.56716|0.907|0.004|1.193
DATA=2456335.56767|0.9|0.003|1.194
DATA=2456335.56818|0.899|0.003|1.196
DATA=2456335.56868|0.899|0.003|1.197
DATA=2456335.56929|0.888|0.002|1.198
DATA=2456335.5698|0.897|0.003|1.2
DATA=2456335.57031|0.898|0.002|1.201
DATA=2456335.57081|0.894|0.003|1.202
DATA=2456335.57132|0.894|0.003|1.204
DATA=2456335.57192|0.891|0.002|1.205
DATA=2456335.57242|0.891|0.003|1.207
DATA=2456335.57293|0.876|0.004|1.208
DATA=2456335.57344|0.882|0.003|1.209
DATA=2456335.57395|0.876|0.002|1.211
DATA=2456335.57458|0.892|0.004|1.212
DATA=2456335.57509|0.882|0.002|1.214
DATA=2456335.5756|0.885|0.003|1.215
DATA=2456335.57611|0.891|0.004|1.217
DATA=2456335.57662|0.89|0.003|1.218
DATA=2456335.57726|0.893|0.003|1.22
DATA=2456335.57777|0.876|0.007|1.221
DATA=2456335.57828|0.876|0.003|1.223
DATA=2456335.57877|0.871|0.003|1.224
DATA=2456335.57928|0.874|0.003|1.226
DATA=2456335.57991|0.873|0.002|1.228
DATA=2456335.58042|0.872|0.004|1.229
DATA=2456335.58093|0.867|0.003|1.231
DATA=2456335.58142|0.878|0.003|1.232
DATA=2456335.58193|0.871|0.007|1.234
DATA=2456335.58726|0.864|0.005|1.251
DATA=2456335.58789|0.862|0.003|1.253
DATA=2456335.5884|0.861|0.004|1.255
DATA=2456335.58892|0.883|0.003|1.257
DATA=2456335.58942|0.879|0.002|1.258
DATA=2456335.58993|0.873|0.004|1.26
DATA=2456335.59056|0.874|0.003|1.262
DATA=2456335.59108|0.869|0.003|1.264
DATA=2456335.59159|0.859|0.003|1.266
DATA=2456335.59208|0.862|0.003|1.268
DATA=2456335.59259|0.872|0.003|1.27
DATA=2456335.59322|0.869|0.003|1.272
DATA=2456335.59373|0.878|0.003|1.274
DATA=2456335.59424|0.872|0.003|1.276
DATA=2456335.59475|0.877|0.004|1.278
DATA=2456335.59525|0.867|0.004|1.28
DATA=2456335.59589|0.866|0.003|1.282
DATA=2456335.5964|0.867|0.003|1.284
DATA=2456335.59691|0.858|0.004|1.286
DATA=2456335.59742|0.873|0.003|1.288
DATA=2456335.59792|0.871|0.003|1.29
DATA=2456335.59856|0.875|0.002|1.293
DATA=2456335.59906|0.871|0.004|1.294
DATA=2456335.59957|0.865|0.004|1.297
DATA=2456335.60008|0.852|0.004|1.299
DATA=2456335.60059|0.868|0.003|1.301
DATA=2456335.60124|0.868|0.003|1.303
DATA=2456335.60175|0.865|0.002|1.305
DATA=2456335.60226|0.871|0.004|1.308
DATA=2456335.60277|0.882|0.003|1.31
DATA=2456335.60326|0.876|0.003|1.312
DATA=2456335.60387|0.889|0.003|1.314
DATA=2456335.60438|0.876|0.003|1.317
DATA=2456335.60488|0.888|0.004|1.319
DATA=2456335.60539|0.875|0.005|1.321
DATA=2456335.60589|0.87|0.003|1.323
DATA=2456335.60653|0.863|0.004|1.326
DATA=2456335.60703|0.876|0.003|1.328
DATA=2456335.60753|0.866|0.004|1.331
DATA=2456335.60804|0.884|0.004|1.333
DATA=2456335.60854|0.87|0.004|1.335
DATA=2456335.60916|0.873|0.004|1.338
DATA=2456335.60965|0.888|0.004|1.34
DATA=2456335.61016|0.867|0.005|1.343
DATA=2456335.61067|0.877|0.003|1.345
DATA=2456335.61118|0.881|0.004|1.348
DATA=2456335.61191|0.887|0.005|1.351
DATA=2456335.61242|0.88|0.003|1.354
DATA=2456335.61293|0.87|0.004|1.356
DATA=2456335.61343|0.87|0.004|1.358
DATA=2456335.61394|0.895|0.004|1.361
DATA=2456335.61456|0.878|0.003|1.364
DATA=2456335.61507|0.879|0.003|1.367
DATA=2456335.61558|0.887|0.004|1.369
DATA=2456335.61608|0.885|0.004|1.372
DATA=2456335.61659|0.894|0.004|1.374
DATA=2456335.61722|0.894|0.005|1.378
DATA=2456335.61773|0.903|0.004|1.38
DATA=2456335.61824|0.894|0.004|1.383
DATA=2456335.61874|0.878|0.005|1.386
DATA=2456335.61925|0.873|0.005|1.388
DATA=2456335.61986|0.896|0.005|1.392
DATA=2456335.62036|0.899|0.005|1.394
DATA=2456335.62086|0.889|0.006|1.397
DATA=2456335.62137|0.908|0.004|1.4
DATA=2456335.62186|0.893|0.005|1.403
DATA=2456335.62249|0.887|0.007|1.406
DATA=2456335.623|0.906|0.006|1.409
DATA=2456335.6235|0.889|0.006|1.412
ENDDATA
STARTMETADATA
REVISEDDATA=FALSE
OBJECTNUMBER=472
OBJECTNAME=Roma
MPCDESIG=1901 GP
SESSIONDATE=2013-02-14
SESSIONTIME=22:31:00
CONTACTNAME=M. Audejean
CONTACTINFO=maurice.audejean@wanadoo.fr
OBSERVERS=Audejean
OBSLONGITUDE=-0.2755
OBSLATITUDE=47.1692
OBJECTRA=09:22
OBJECTDEC=+22
PHASE=+4.6
PABL=+168.4
PABB=0.0
FILTER=C
MAGBAND=R
CICORRECTION=FALSE
CIBAND=NONE
CITARGET=+0.000
DIFFERMAGS=TRUE
MAGADJUST=0.0
STANDARD=NONE
LTCAPP=NONE
LTCDAYS=-0.008635
LTCTYPE=NONE
REDUCEDMAGS=NONE
UCORMAG=-2.8399
PUBLICATION=
BIBCODE=
DELIMITER=PIPE
ENDMETADATA
DATA=2456338.35417|2.152|0.004|1.435
DATA=2456338.35472|2.158|0.004|1.431
DATA=2456338.35523|2.155|0.003|1.428
DATA=2456338.35574|2.156|0.003|1.425
DATA=2456338.35624|2.148|0.003|1.422
DATA=2456338.35675|2.157|0.003|1.419
DATA=2456338.35737|2.155|0.003|1.416
DATA=2456338.35788|2.157|0.003|1.413
DATA=2456338.35839|2.161|0.004|1.41
DATA=2456338.35889|2.149|0.003|1.407
DATA=2456338.3594|2.142|0.003|1.404
DATA=2456338.36|2.154|0.003|1.401
DATA=2456338.36051|2.156|0.003|1.398
DATA=2456338.36102|2.153|0.003|1.395
DATA=2456338.36152|2.149|0.003|1.393
DATA=2456338.36203|2.146|0.003|1.39
DATA=2456338.36264|2.144|0.003|1.386
DATA=2456338.36315|2.142|0.003|1.384
DATA=2456338.36365|2.144|0.003|1.381
DATA=2456338.36416|2.146|0.003|1.378
DATA=2456338.36466|2.149|0.003|1.376
DATA=2456338.36525|2.143|0.003|1.373
DATA=2456338.36576|2.147|0.003|1.37
DATA=2456338.36627|2.151|0.003|1.367
DATA=2456338.36678|2.141|0.003|1.365
DATA=2456338.36728|2.148|0.003|1.362
DATA=2456338.36788|2.145|0.003|1.359
DATA=2456338.36839|2.14|0.003|1.357
DATA=2456338.3689|2.139|0.003|1.354
DATA=2456338.3694|2.135|0.003|1.352
DATA=2456338.36991|2.136|0.003|1.349
DATA=2456338.37047|2.131|0.003|1.347
DATA=2456338.37097|2.132|0.003|1.344
DATA=2456338.37148|2.126|0.003|1.342
DATA=2456338.37198|2.131|0.003|1.34
DATA=2456338.37249|2.124|0.003|1.337
DATA=2456338.37308|2.126|0.003|1.334
DATA=2456338.37359|2.125|0.003|1.332
DATA=2456338.3741|2.111|0.003|1.33
DATA=2456338.37461|2.118|0.003|1.327
DATA=2456338.37512|2.115|0.003|1.325
DATA=2456338.37574|2.111|0.003|1.322
DATA=2456338.37625|2.102|0.003|1.32
DATA=2456338.37676|2.112|0.003|1.318
DATA=2456338.37726|2.103|0.003|1.316
DATA=2456338.37777|2.108|0.003|1.313
DATA=2456338.37841|2.099|0.003|1.311
DATA=2456338.37892|2.101|0.003|1.308
DATA=2456338.37943|2.1|0.003|1.306
DATA=2456338.37993|2.094|0.003|1.304
DATA=2456338.38044|2.094|0.003|1.302
DATA=2456338.38109|2.09|0.003|1.299
DATA=2456338.3816|2.083|0.003|1.297
DATA=2456338.38211|2.085|0.003|1.295
DATA=2456338.38262|2.085|0.003|1.293
DATA=2456338.38311|2.079|0.003|1.291
DATA=2456338.38375|2.079|0.003|1.289
DATA=2456338.38425|2.076|0.003|1.287
DATA=2456338.38476|2.073|0.003|1.285
DATA=2456338.38527|2.068|0.003|1.283
DATA=2456338.38578|2.063|0.003|1.281
DATA=2456338.38639|2.067|0.003|1.278
DATA=2456338.38689|2.06|0.003|1.276
DATA=2456338.3874|2.071|0.003|1.275
DATA=2456338.38789|2.067|0.003|1.273
DATA=2456338.3884|2.052|0.003|1.271
DATA=2456338.38902|2.054|0.003|1.268
DATA=2456338.38951|2.057|0.003|1.267
DATA=2456338.39002|2.048|0.003|1.265
DATA=2456338.39053|2.056|0.003|1.263
DATA=2456338.39104|2.051|0.003|1.261
DATA=2456338.39168|2.04|0.003|1.259
DATA=2456338.39219|2.039|0.003|1.257
DATA=2456338.3927|2.051|0.003|1.255
DATA=2456338.39322|2.038|0.003|1.253
DATA=2456338.39372|2.042|0.003|1.252
DATA=2456338.39433|2.037|0.003|1.25
DATA=2456338.39483|2.032|0.003|1.248
DATA=2456338.39534|2.026|0.003|1.246
DATA=2456338.39584|2.025|0.003|1.245
DATA=2456338.39635|2.026|0.003|1.243
DATA=2456338.397|2.026|0.003|1.241
DATA=2456338.39751|2.025|0.003|1.239
DATA=2456338.39802|2.021|0.003|1.237
DATA=2456338.39853|2.012|0.003|1.236
DATA=2456338.39903|2.015|0.003|1.234
DATA=2456338.39969|2.008|0.003|1.232
DATA=2456338.40019|2.011|0.003|1.231
DATA=2456338.40069|2.016|0.003|1.229
DATA=2456338.4012|2.01|0.003|1.227
DATA=2456338.40171|2.0|0.003|1.226
DATA=2456338.40235|1.999|0.003|1.224
DATA=2456338.40286|2.001|0.003|1.222
DATA=2456338.40337|2.002|0.003|1.221
DATA=2456338.40387|1.997|0.003|1.22
DATA=2456338.40439|1.997|0.003|1.218
DATA=2456338.40501|1.998|0.003|1.216
DATA=2456338.40552|1.984|0.003|1.215
DATA=2456338.40603|1.991|0.003|1.213
DATA=2456338.40654|1.988|0.003|1.212
DATA=2456338.40705|1.989|0.003|1.21
DATA=2456338.40771|1.98|0.003|1.209
DATA=2456338.40822|1.98|0.003|1.207
DATA=2456338.40873|1.98|0.003|1.206
DATA=2456338.40924|1.985|0.003|1.204
DATA=2456338.40975|1.978|0.003|1.203
DATA=2456338.41035|1.973|0.003|1.201
DATA=2456338.41086|1.972|0.003|1.2
DATA=2456338.41137|1.966|0.003|1.199
DATA=2456338.41188|1.965|0.003|1.197
DATA=2456338.41238|1.968|0.003|1.196
DATA=2456338.41299|1.964|0.003|1.195
DATA=2456338.4135|1.961|0.003|1.193
DATA=2456338.414|1.951|0.003|1.192
DATA=2456338.41451|1.956|0.003|1.191
DATA=2456338.41503|1.959|0.003|1.19
DATA=2456338.41568|1.95|0.003|1.188
DATA=2456338.41618|1.949|0.003|1.187
DATA=2456338.41669|1.947|0.003|1.186
DATA=2456338.4172|1.95|0.003|1.184
DATA=2456338.41771|1.944|0.003|1.183
DATA=2456338.41832|1.948|0.003|1.182
DATA=2456338.41883|1.943|0.003|1.181
DATA=2456338.41934|1.944|0.003|1.179
DATA=2456338.41985|1.941|0.003|1.178
DATA=2456338.42035|1.932|0.003|1.177
DATA=2456338.42101|1.938|0.003|1.176
DATA=2456338.42152|1.939|0.003|1.175
DATA=2456338.42203|1.932|0.003|1.173
DATA=2456338.42252|1.934|0.003|1.172
DATA=2456338.42303|1.929|0.006|1.171
DATA=2456338.42363|1.931|0.003|1.17
DATA=2456338.42414|1.931|0.003|1.169
DATA=2456338.42465|1.931|0.003|1.168
DATA=2456338.42516|1.922|0.003|1.167
DATA=2456338.42567|1.925|0.003|1.166
DATA=2456338.42622|1.924|0.003|1.165
DATA=2456338.42672|1.918|0.003|1.164
DATA=2456338.42722|1.916|0.003|1.163
DATA=2456338.42773|1.922|0.003|1.162
DATA=2456338.42824|1.907|0.003|1.161
DATA=2456338.42878|1.909|0.003|1.16
DATA=2456338.42929|1.911|0.003|1.159
DATA=2456338.4298|1.911|0.003|1.158
DATA=2456338.43031|1.909|0.003|1.157
DATA=2456338.43082|1.909|0.003|1.156
DATA=2456338.43139|1.907|0.003|1.155
DATA=2456338.4319|1.909|0.003|1.154
DATA=2456338.43241|1.903|0.003|1.153
DATA=2456338.43291|1.904|0.003|1.152
DATA=2456338.43341|1.902|0.003|1.151
DATA=2456338.43404|1.904|0.003|1.15
DATA=2456338.43455|1.903|0.003|1.149
DATA=2456338.43506|1.903|0.003|1.149
DATA=2456338.43557|1.898|0.003|1.148
DATA=2456338.43608|1.904|0.003|1.147
DATA=2456338.4367|1.895|0.003|1.146
DATA=2456338.43721|1.896|0.003|1.145
DATA=2456338.43772|1.899|0.003|1.144
DATA=2456338.43823|1.895|0.003|1.143
DATA=2456338.43874|1.896|0.003|1.143
DATA=2456338.43931|1.894|0.003|1.142
DATA=2456338.4398|1.896|0.003|1.141
DATA=2456338.44031|1.891|0.003|1.14
DATA=2456338.44082|1.895|0.003|1.139
DATA=2456338.44132|1.892|0.003|1.139
DATA=2456338.44189|1.893|0.003|1.138
DATA=2456338.4424|1.887|0.003|1.137
DATA=2456338.44291|1.9|0.003|1.137
DATA=2456338.44341|1.887|0.003|1.136
DATA=2456338.44392|1.894|0.003|1.135
DATA=2456338.44455|1.894|0.003|1.134
DATA=2456338.44505|1.894|0.003|1.134
DATA=2456338.44556|1.886|0.003|1.133
DATA=2456338.44606|1.887|0.003|1.132
DATA=2456338.44657|1.89|0.003|1.132
DATA=2456338.4472|1.89|0.003|1.131
DATA=2456338.44771|1.894|0.003|1.13
DATA=2456338.44821|1.894|0.003|1.13
DATA=2456338.44872|1.886|0.003|1.129
DATA=2456338.44924|1.884|0.003|1.128
DATA=2456338.44979|1.891|0.003|1.128
DATA=2456338.4503|1.887|0.003|1.127
DATA=2456338.4508|1.883|0.003|1.127
DATA=2456338.45131|1.885|0.003|1.126
DATA=2456338.45182|1.88|0.003|1.125
DATA=2456338.45242|1.898|0.003|1.125
DATA=2456338.45293|1.889|0.003|1.124
DATA=2456338.45344|1.897|0.003|1.124
DATA=2456338.45395|1.888|0.003|1.123
DATA=2456338.45446|1.891|0.003|1.123
DATA=2456338.45505|1.895|0.003|1.122
DATA=2456338.45556|1.891|0.003|1.122
DATA=2456338.45606|1.89|0.003|1.121
DATA=2456338.45657|1.89|0.003|1.121
DATA=2456338.45707|1.892|0.003|1.12
DATA=2456338.45765|1.892|0.003|1.12
DATA=2456338.45816|1.887|0.003|1.119
DATA=2456338.45867|1.89|0.003|1.119
DATA=2456338.45917|1.892|0.003|1.118
DATA=2456338.45968|1.895|0.003|1.118
DATA=2456338.46028|1.9|0.003|1.117
DATA=2456338.46079|1.895|0.003|1.117
DATA=2456338.4613|1.894|0.003|1.117
DATA=2456338.46179|1.901|0.003|1.116
DATA=2456338.46231|1.895|0.003|1.116
DATA=2456338.46288|1.896|0.003|1.115
DATA=2456338.46339|1.894|0.003|1.115
DATA=2456338.4639|1.903|0.003|1.115
DATA=2456338.4644|1.892|0.003|1.114
DATA=2456338.46491|1.895|0.003|1.114
DATA=2456338.46553|1.898|0.003|1.114
DATA=2456338.46604|1.899|0.003|1.113
DATA=2456338.46654|1.899|0.003|1.113
DATA=2456338.46705|1.901|0.003|1.113
DATA=2456338.46756|1.902|0.003|1.112
DATA=2456338.46813|1.89|0.003|1.112
DATA=2456338.46863|1.903|0.003|1.112
DATA=2456338.46914|1.911|0.003|1.111
DATA=2456338.46965|1.911|0.003|1.111
DATA=2456338.47015|1.905|0.003|1.111
DATA=2456338.47072|1.9|0.003|1.111
DATA=2456338.47123|1.901|0.003|1.11
DATA=2456338.47172|1.903|0.003|1.11
DATA=2456338.47223|1.906|0.003|1.11
DATA=2456338.47274|1.906|0.003|1.11
DATA=2456338.47331|1.911|0.005|1.109
DATA=2456338.47381|1.904|0.006|1.109
DATA=2456338.47432|1.914|0.004|1.109
DATA=2456338.47483|1.906|0.004|1.109
DATA=2456338.47534|1.918|0.005|1.109
DATA=2456338.47595|1.912|0.003|1.108
DATA=2456338.47646|1.916|0.004|1.108
DATA=2456338.47697|1.924|0.006|1.108
DATA=2456338.47748|1.927|0.01|1.108
DATA=2456338.47799|1.913|0.011|1.108
DATA=2456338.4786|1.927|0.005|1.108
DATA=2456338.47912|1.928|0.004|1.108
DATA=2456338.47963|1.927|0.003|1.107
DATA=2456338.48014|1.924|0.003|1.107
DATA=2456338.48065|1.931|0.003|1.107
DATA=2456338.48125|1.929|0.004|1.107
DATA=2456338.48176|1.935|0.005|1.107
DATA=2456338.48226|1.934|0.003|1.107
DATA=2456338.48277|1.934|0.003|1.107
DATA=2456338.48328|1.933|0.003|1.107
DATA=2456338.48389|1.944|0.003|1.107
DATA=2456338.4844|1.949|0.004|1.107
DATA=2456338.48491|1.941|0.003|1.107
DATA=2456338.48542|1.935|0.003|1.107
DATA=2456338.48593|1.946|0.003|1.107
DATA=2456338.48653|1.952|0.003|1.107
DATA=2456338.48703|1.958|0.003|1.107
DATA=2456338.48753|1.958|0.003|1.107
DATA=2456338.48804|1.96|0.003|1.107
DATA=2456338.48855|1.954|0.003|1.107
DATA=2456338.48917|1.953|0.004|1.107
DATA=2456338.48968|1.964|0.003|1.107
DATA=2456338.49019|1.959|0.003|1.107
DATA=2456338.49069|1.965|0.003|1.107
DATA=2456338.4912|1.964|0.003|1.107
DATA=2456338.49181|1.971|0.003|1.107
DATA=2456338.49231|1.973|0.003|1.107
DATA=2456338.49282|1.985|0.003|1.107
DATA=2456338.49332|1.982|0.003|1.107
DATA=2456338.49383|1.983|0.003|1.107
DATA=2456338.49448|1.99|0.003|1.108
DATA=2456338.49499|1.982|0.003|1.108
DATA=2456338.4955|1.99|0.004|1.108
DATA=2456338.49601|1.991|0.003|1.108
DATA=2456338.4965|1.989|0.003|1.108
DATA=2456338.49715|2.0|0.003|1.108
DATA=2456338.49766|2.007|0.004|1.109
DATA=2456338.49816|2.001|0.004|1.109
DATA=2456338.49867|1.996|0.004|1.109
DATA=2456338.49919|2.003|0.004|1.109
DATA=2456338.49981|2.008|0.003|1.109
DATA=2456338.50032|2.013|0.003|1.11
DATA=2456338.50083|2.013|0.003|1.11
DATA=2456338.50134|2.018|0.004|1.11
DATA=2456338.50185|2.022|0.004|1.11
DATA=2456338.50248|2.032|0.004|1.111
DATA=2456338.50299|2.036|0.004|1.111
DATA=2456338.5035|2.037|0.003|1.111
DATA=2456338.504|2.034|0.004|1.111
DATA=2456338.50451|2.037|0.004|1.112
DATA=2456338.50514|2.044|0.004|1.112
DATA=2456338.50565|2.036|0.003|1.112
DATA=2456338.50616|2.04|0.004|1.113
DATA=2456338.50667|2.037|0.004|1.113
DATA=2456338.50716|2.049|0.003|1.113
DATA=2456338.5078|2.052|0.004|1.114
DATA=2456338.5083|2.051|0.003|1.114
DATA=2456338.50881|2.051|0.004|1.114
DATA=2456338.50932|2.051|0.004|1.115
DATA=2456338.50981|2.059|0.004|1.115
DATA=2456338.51044|2.062|0.004|1.115
DATA=2456338.51094|2.06|0.004|1.116
DATA=2456338.51145|2.061|0.004|1.116
DATA=2456338.51196|2.071|0.004|1.117
DATA=2456338.51247|2.066|0.004|1.117
DATA=2456338.51309|2.08|0.004|1.117
DATA=2456338.5136|2.072|0.004|1.118
DATA=2456338.5141|2.074|0.004|1.118
DATA=2456338.51461|2.082|0.004|1.119
DATA=2456338.51512|2.082|0.004|1.119
DATA=2456338.51572|2.089|0.004|1.12
DATA=2456338.51623|2.084|0.004|1.12
DATA=2456338.51674|2.086|0.004|1.121
DATA=2456338.51725|2.085|0.004|1.121
DATA=2456338.51775|2.085|0.004|1.122
DATA=2456338.5184|2.085|0.004|1.122
DATA=2456338.51891|2.093|0.004|1.123
DATA=2456338.51942|2.101|0.004|1.123
DATA=2456338.51993|2.102|0.004|1.124
DATA=2456338.52044|2.104|0.005|1.124
DATA=2456338.52106|2.091|0.017|1.125
DATA=2456338.52156|2.092|0.015|1.126
DATA=2456338.52207|2.109|0.011|1.126
DATA=2456338.52258|2.107|0.011|1.127
DATA=2456338.52308|2.106|0.022|1.127
ENDDATA
STARTMETADATA
REVISEDDATA=FALSE
OBJECTNUMBER=472
OBJECTNAME=Roma
MPCDESIG=1901 GP
SESSIONDATE=2014-05-30
SESSIONTIME=07:40:00
CONTACTNAME=R. D. Stephens
CONTACTINFO=R. D. Stephens, 11355 Mount Johnson Court, Rancho Cucamonga, CA 91737
OBSERVERS=R. D. Stephens
OBSLONGITUDE=-116.383611
OBSLATITUDE=+34.291111
OBJECTRA=16:19
OBJECTDEC=+00
PHASE=+8.03
PABL=+243.8
PABB=+17.9
FILTER=C
MAGBAND=V
CICORRECTION=FALSE
CIBAND=NONE
CITARGET=+0.000
DIFFERMAGS=FALSE
MAGADJUST=0.0
STANDARD=INTERNAL
LTCAPP=NONE
LTCDAYS=-0.010508
LTCTYPE=NONE
REDUCEDMAGS=NONE
UCORMAG=-3.5242
PUBLICATION=
BIBCODE=
COMMENT=Heliocentric ecliptic longitude/latitude: +242.69/+21.81
COMMENT=Earth/Sun distances (AU): +2.7839/+1.8205
COMMENT=Observer Instrumentation: .40m F/10 SCT/FLI 1001e
DELIMITER=PIPE
COMPNAME1=161858.43 +003917.5
COMPRA1=16:18:58.44
COMPDEC1=+00:39:17.5
COMPMAG1=+13.226
COMPCI1=+0.372
COMPNAME2=161845.93 +004421.4
COMPRA2=16:18:45.93
COMPDEC2=+00:44:21.6
COMPMAG2=+12.940
COMPCI2=+0.373
COMPNAME3=161842.01 +004506.4
COMPRA3=16:18:42.03
COMPDEC3=+00:45:06.3
COMPMAG3=+12.320
COMPCI3=+0.386
COMPNAME4=161912.75 +003813.0
COMPRA4=16:19:12.76
COMPDEC4=+00:38:12.9
COMPMAG4=+13.950
COMPCI4=+0.377
COMPNAME5=161930.73 +004410.4
COMPRA5=16:19:30.73
COMPDEC5=+00:44:10.5
COMPMAG5=+12.145
COMPCI5=+0.461
ENDMETADATA
DATA=2456807.673740|+13.235|+0.003|1.917
DATA=2456807.674526|+13.223|+0.003|1.906
DATA=2456807.675303|+13.228|+0.003|1.895
DATA=2456807.676090|+13.236|+0.003|1.883
DATA=2456807.676870|+13.224|+0.003|1.873
DATA=2456807.677654|+13.235|+0.003|1.862
DATA=2456807.679222|+13.225|+0.003|1.841
DATA=2456807.679999|+13.232|+0.003|1.830
DATA=2456807.680784|+13.226|+0.003|1.820
DATA=2456807.681565|+13.227|+0.003|1.810
DATA=2456807.682348|+13.232|+0.003|1.800
DATA=2456807.683128|+13.228|+0.003|1.791
DATA=2456807.683917|+13.220|+0.003|1.781
DATA=2456807.684694|+13.231|+0.003|1.772
DATA=2456807.685480|+13.225|+0.003|1.762
DATA=2456807.686258|+13.220|+0.003|1.753
DATA=2456807.687044|+13.213|+0.003|1.744
DATA=2456807.687824|+13.219|+0.003|1.736
DATA=2456807.689388|+13.219|+0.003|1.718
DATA=2456807.690175|+13.209|+0.003|1.710
DATA=2456807.690954|+13.208|+0.003|1.701
DATA=2456807.691740|+13.204|+0.003|1.693
DATA=2456807.692518|+13.208|+0.003|1.685
DATA=2456807.693306|+13.205|+0.003|1.677
DATA=2456807.694084|+13.215|+0.003|1.669
DATA=2456807.694871|+13.207|+0.003|1.662
DATA=2456807.695649|+13.204|+0.003|1.654
DATA=2456807.696436|+13.203|+0.003|1.646
DATA=2456807.697213|+13.201|+0.003|1.639
DATA=2456807.698001|+13.201|+0.003|1.632
DATA=2456807.698778|+13.204|+0.003|1.624
DATA=2456807.699566|+13.198|+0.003|1.617
DATA=2456807.700343|+13.209|+0.003|1.610
DATA=2456807.701130|+13.196|+0.003|1.603
DATA=2456807.701908|+13.213|+0.003|1.597
DATA=2456807.702694|+13.204|+0.003|1.590
DATA=2456807.703473|+13.203|+0.003|1.583
DATA=2456807.704260|+13.198|+0.003|1.577
DATA=2456807.705037|+13.204|+0.003|1.570
DATA=2456807.706786|+13.192|+0.003|1.556
DATA=2456807.707563|+13.186|+0.003|1.550
DATA=2456807.708347|+13.195|+0.003|1.544
DATA=2456807.709126|+13.180|+0.003|1.538
DATA=2456807.709912|+13.180|+0.003|1.532
DATA=2456807.710689|+13.184|+0.003|1.526
DATA=2456807.711470|+13.187|+0.003|1.521
DATA=2456807.712247|+13.188|+0.003|1.515
DATA=2456807.713024|+13.182|+0.003|1.509
DATA=2456807.713800|+13.186|+0.003|1.504
DATA=2456807.714577|+13.182|+0.003|1.499
DATA=2456807.716139|+13.177|+0.003|1.488
DATA=2456807.716927|+13.172|+0.003|1.483
DATA=2456807.717704|+13.179|+0.003|1.478
DATA=2456807.718489|+13.175|+0.003|1.472
DATA=2456807.719270|+13.175|+0.003|1.468
DATA=2456807.720057|+13.184|+0.003|1.463
DATA=2456807.721622|+13.171|+0.003|1.453
DATA=2456807.722400|+13.175|+0.003|1.448
DATA=2456807.723185|+13.187|+0.003|1.444
DATA=2456807.723963|+13.174|+0.003|1.439
DATA=2456807.724752|+13.179|+0.003|1.434
DATA=2456807.725528|+13.186|+0.003|1.430
DATA=2456807.726317|+13.169|+0.003|1.425
DATA=2456807.727094|+13.177|+0.003|1.421
DATA=2456807.728658|+13.178|+0.003|1.413
DATA=2456807.729446|+13.177|+0.003|1.408
DATA=2456807.730223|+13.183|+0.003|1.404
DATA=2456807.731011|+13.183|+0.003|1.400
DATA=2456807.731788|+13.174|+0.003|1.396
DATA=2456807.732575|+13.178|+0.003|1.392
DATA=2456807.734919|+13.175|+0.003|1.381
DATA=2456807.735706|+13.161|+0.003|1.377
DATA=2456807.736483|+13.177|+0.003|1.374
DATA=2456807.737271|+13.171|+0.003|1.370
DATA=2456807.738048|+13.165|+0.003|1.366
DATA=2456807.738835|+13.161|+0.003|1.363
DATA=2456807.739612|+13.151|+0.003|1.359
DATA=2456807.740400|+13.142|+0.003|1.356
DATA=2456807.741178|+13.141|+0.003|1.353
DATA=2456807.741965|+13.138|+0.003|1.349
DATA=2456807.742743|+13.125|+0.003|1.346
DATA=2456807.743531|+13.118|+0.003|1.343
DATA=2456807.744307|+13.115|+0.003|1.340
DATA=2456807.745095|+13.107|+0.003|1.337
DATA=2456807.748777|+13.070|+0.003|1.322
DATA=2456807.749558|+13.056|+0.003|1.320
DATA=2456807.750335|+13.058|+0.003|1.317
DATA=2456807.751120|+13.053|+0.003|1.314
DATA=2456807.751898|+13.041|+0.003|1.311
DATA=2456807.752687|+13.042|+0.003|1.309
DATA=2456807.753464|+13.028|+0.003|1.306
DATA=2456807.754249|+13.030|+0.003|1.303
DATA=2456807.755026|+13.019|+0.003|1.301
DATA=2456807.755816|+13.017|+0.003|1.298
DATA=2456807.756594|+13.004|+0.003|1.296
DATA=2456807.757379|+12.996|+0.003|1.293
DATA=2456807.758158|+12.994|+0.003|1.291
DATA=2456807.758946|+12.991|+0.003|1.289
DATA=2456807.759723|+12.987|+0.003|1.286
DATA=2456807.760510|+12.980|+0.003|1.284
DATA=2456807.761288|+12.977|+0.003|1.282
DATA=2456807.762076|+12.973|+0.003|1.280
DATA=2456807.762853|+12.964|+0.003|1.277
DATA=2456807.763640|+12.961|+0.003|1.275
DATA=2456807.764417|+12.956|+0.003|1.273
DATA=2456807.765205|+12.949|+0.003|1.271
DATA=2456807.765983|+12.955|+0.003|1.269
DATA=2456807.766769|+12.946|+0.003|1.267
DATA=2456807.767548|+12.944|+0.003|1.265
DATA=2456807.768335|+12.941|+0.003|1.263
DATA=2456807.769112|+12.937|+0.003|1.262
DATA=2456807.769900|+12.933|+0.003|1.260
DATA=2456807.770678|+12.932|+0.003|1.258
DATA=2456807.771464|+12.925|+0.003|1.256
DATA=2456807.773030|+12.921|+0.003|1.253
DATA=2456807.773808|+12.922|+0.003|1.251
DATA=2456807.774593|+12.919|+0.003|1.250
DATA=2456807.775370|+12.919|+0.003|1.248
DATA=2456807.776151|+12.912|+0.003|1.246
DATA=2456807.776928|+12.913|+0.003|1.245
DATA=2456807.777704|+12.909|+0.003|1.243
DATA=2456807.778481|+12.914|+0.003|1.242
DATA=2456807.779258|+12.907|+0.003|1.241
DATA=2456807.780042|+12.906|+0.003|1.239
DATA=2456807.780820|+12.913|+0.003|1.238
DATA=2456807.781607|+12.904|+0.003|1.237
DATA=2456807.782384|+12.901|+0.003|1.235
DATA=2456807.783173|+12.906|+0.003|1.234
DATA=2456807.783949|+12.906|+0.003|1.233
DATA=2456807.784735|+12.898|+0.003|1.232
DATA=2456807.785515|+12.898|+0.003|1.230
DATA=2456807.786300|+12.899|+0.003|1.229
DATA=2456807.787079|+12.893|+0.003|1.228
DATA=2456807.789048|+12.906|+0.003|1.226
DATA=2456807.789824|+12.897|+0.003|1.225
DATA=2456807.790609|+12.899|+0.003|1.224
DATA=2456807.791386|+12.905|+0.003|1.223
DATA=2456807.792173|+12.901|+0.003|1.222
DATA=2456807.792951|+12.898|+0.003|1.221
DATA=2456807.793740|+12.895|+0.003|1.220
DATA=2456807.794517|+12.902|+0.003|1.219
DATA=2456807.795303|+12.892|+0.003|1.219
DATA=2456807.796080|+12.899|+0.003|1.218
DATA=2456807.796862|+12.903|+0.003|1.217
DATA=2456807.797639|+12.899|+0.003|1.217
DATA=2456807.798422|+12.892|+0.003|1.216
DATA=2456807.799199|+12.900|+0.003|1.215
DATA=2456807.799976|+12.900|+0.003|1.215
DATA=2456807.800753|+12.901|+0.003|1.214
DATA=2456807.801530|+12.900|+0.003|1.214
DATA=2456807.802318|+12.904|+0.003|1.213
DATA=2456807.803095|+12.907|+0.003|1.213
DATA=2456807.803882|+12.905|+0.003|1.212
DATA=2456807.804659|+12.914|+0.003|1.212
DATA=2456807.805447|+12.918|+0.003|1.212
DATA=2456807.806225|+12.914|+0.003|1.211
DATA=2456807.807009|+12.910|+0.003|1.211
DATA=2456807.807789|+12.907|+0.003|1.211
DATA=2456807.808577|+12.912|+0.003|1.210
DATA=2456807.809355|+12.916|+0.003|1.210
DATA=2456807.810140|+12.917|+0.003|1.210
DATA=2456807.810919|+12.930|+0.003|1.210
DATA=2456807.811704|+12.930|+0.003|1.210
DATA=2456807.812482|+12.936|+0.003|1.210
DATA=2456807.813271|+12.934|+0.003|1.209
DATA=2456807.814048|+12.936|+0.003|1.209
DATA=2456807.814836|+12.931|+0.003|1.209
DATA=2456807.815613|+12.940|+0.003|1.209
DATA=2456807.816401|+12.939|+0.003|1.209
DATA=2456807.817178|+12.949|+0.003|1.209
DATA=2456807.817967|+12.946|+0.003|1.210
DATA=2456807.818744|+12.954|+0.003|1.210
DATA=2456807.820308|+12.959|+0.003|1.210
DATA=2456807.821094|+12.958|+0.003|1.210
DATA=2456807.821873|+12.965|+0.003|1.211
DATA=2456807.822661|+12.971|+0.003|1.211
DATA=2456807.823438|+12.966|+0.003|1.211
DATA=2456807.824225|+12.971|+0.003|1.211
DATA=2456807.825002|+12.980|+0.003|1.212
DATA=2456807.825789|+12.985|+0.003|1.212
DATA=2456807.826567|+12.987|+0.003|1.213
DATA=2456807.827354|+12.989|+0.003|1.213
DATA=2456807.830443|+13.004|+0.003|1.215
DATA=2456807.831222|+13.005|+0.003|1.216
DATA=2456807.831999|+13.009|+0.003|1.216
DATA=2456807.832776|+13.012|+0.003|1.217
DATA=2456807.833561|+13.016|+0.003|1.218
DATA=2456807.834339|+13.025|+0.003|1.218
DATA=2456807.835127|+13.031|+0.003|1.219
DATA=2456807.835904|+13.041|+0.003|1.220
DATA=2456807.836692|+13.043|+0.003|1.221
DATA=2456807.837469|+13.050|+0.003|1.222
DATA=2456807.838255|+13.054|+0.003|1.222
DATA=2456807.839033|+13.063|+0.003|1.223
DATA=2456807.839819|+13.065|+0.003|1.224
DATA=2456807.840599|+13.074|+0.003|1.225
DATA=2456807.841385|+13.088|+0.003|1.226
DATA=2456807.842164|+13.093|+0.003|1.227
DATA=2456807.842948|+13.098|+0.003|1.228
DATA=2456807.843725|+13.108|+0.003|1.229
DATA=2456807.844516|+13.108|+0.003|1.231
DATA=2456807.845294|+13.117|+0.003|1.232
DATA=2456807.846079|+13.126|+0.003|1.233
DATA=2456807.846857|+13.115|+0.003|1.234
DATA=2456807.847646|+13.135|+0.003|1.235
DATA=2456807.848423|+13.150|+0.003|1.237
DATA=2456807.849209|+13.151|+0.003|1.238
DATA=2456807.849986|+13.156|+0.003|1.239
DATA=2456807.850773|+13.173|+0.003|1.241
DATA=2456807.851553|+13.169|+0.003|1.242
DATA=2456807.852339|+13.191|+0.003|1.244
DATA=2456807.853905|+13.189|+0.003|1.247
DATA=2456807.854682|+13.201|+0.003|1.248
DATA=2456807.857033|+13.217|+0.003|1.253
DATA=2456807.857812|+13.213|+0.003|1.255
DATA=2456807.858600|+13.214|+0.003|1.256
DATA=2456807.860164|+13.208|+0.003|1.260
DATA=2456807.867201|+13.225|+0.003|1.278
DATA=2456807.870737|+13.231|+0.003|1.288
DATA=2456807.871515|+13.235|+0.003|1.290
DATA=2456807.872298|+13.230|+0.003|1.293
DATA=2456807.873076|+13.223|+0.003|1.295
DATA=2456807.873862|+13.228|+0.003|1.297
DATA=2456807.874640|+13.228|+0.003|1.300
DATA=2456807.875428|+13.227|+0.003|1.302
DATA=2456807.876992|+13.219|+0.003|1.308
DATA=2456807.877769|+13.229|+0.003|1.310
DATA=2456807.878556|+13.222|+0.003|1.313
DATA=2456807.879334|+13.229|+0.003|1.316
DATA=2456807.880121|+13.221|+0.003|1.319
DATA=2456807.880899|+13.213|+0.003|1.321
DATA=2456807.881688|+13.215|+0.003|1.324
DATA=2456807.882465|+13.221|+0.003|1.327
DATA=2456807.883250|+13.223|+0.003|1.330
DATA=2456807.884027|+13.226|+0.003|1.333
DATA=2456807.884808|+13.216|+0.003|1.336
DATA=2456807.885585|+13.221|+0.003|1.339
DATA=2456807.886362|+13.224|+0.003|1.343
DATA=2456807.887139|+13.226|+0.003|1.346
DATA=2456807.887917|+13.228|+0.003|1.349
DATA=2456807.888699|+13.220|+0.003|1.352
DATA=2456807.889476|+13.227|+0.003|1.356
DATA=2456807.890264|+13.217|+0.003|1.359
DATA=2456807.891042|+13.225|+0.003|1.362
DATA=2456807.891830|+13.220|+0.003|1.366
DATA=2456807.892607|+13.215|+0.003|1.370
DATA=2456807.893395|+13.221|+0.003|1.373
DATA=2456807.894172|+13.219|+0.003|1.377
DATA=2456807.894959|+13.220|+0.003|1.381
DATA=2456807.895738|+13.212|+0.003|1.384
DATA=2456807.896525|+13.219|+0.003|1.388
DATA=2456807.897302|+13.212|+0.003|1.392
DATA=2456807.898090|+13.214|+0.003|1.396
DATA=2456807.898867|+13.213|+0.003|1.400
DATA=2456807.899655|+13.224|+0.003|1.404
DATA=2456807.900432|+13.213|+0.003|1.408
DATA=2456807.901219|+13.210|+0.003|1.412
DATA=2456807.901996|+13.210|+0.003|1.416
DATA=2456807.902782|+13.210|+0.003|1.421
DATA=2456807.903561|+13.210|+0.003|1.425
DATA=2456807.904345|+13.205|+0.003|1.429
DATA=2456807.905125|+13.206|+0.003|1.434
DATA=2456807.905914|+13.205|+0.003|1.438
DATA=2456807.906692|+13.202|+0.003|1.443
DATA=2456807.908256|+13.199|+0.003|1.452
DATA=2456807.909044|+13.193|+0.003|1.457
DATA=2456807.912960|+13.188|+0.003|1.482
DATA=2456807.913737|+13.195|+0.003|1.487
DATA=2456807.914514|+13.190|+0.003|1.493
DATA=2456807.915291|+13.188|+0.003|1.498
DATA=2456807.916068|+13.195|+0.003|1.503
DATA=2456807.916852|+13.190|+0.003|1.509
DATA=2456807.917632|+13.184|+0.003|1.514
DATA=2456807.918417|+13.185|+0.003|1.520
DATA=2456807.919196|+13.189|+0.003|1.526
DATA=2456807.919984|+13.185|+0.003|1.532
DATA=2456807.920761|+13.195|+0.003|1.537
DATA=2456807.922327|+13.187|+0.003|1.549
DATA=2456807.923112|+13.192|+0.003|1.556
DATA=2456807.923890|+13.184|+0.003|1.562
DATA=2456807.924679|+13.191|+0.003|1.568
DATA=2456807.925457|+13.188|+0.003|1.575
DATA=2456807.926243|+13.185|+0.003|1.581
DATA=2456807.927021|+13.186|+0.003|1.588
DATA=2456807.927809|+13.186|+0.003|1.594
DATA=2456807.928586|+13.191|+0.003|1.601
DATA=2456807.929374|+13.194|+0.003|1.608
DATA=2456807.930151|+13.192|+0.003|1.615
DATA=2456807.930937|+13.197|+0.003|1.622
DATA=2456807.931715|+13.190|+0.003|1.629
DATA=2456807.932503|+13.201|+0.003|1.637
DATA=2456807.933280|+13.198|+0.003|1.644
DATA=2456807.934069|+13.195|+0.003|1.652
DATA=2456807.934846|+13.197|+0.003|1.659
DATA=2456807.935632|+13.197|+0.003|1.667
DATA=2456807.936410|+13.194|+0.003|1.675
DATA=2456807.937198|+13.200|+0.003|1.683
DATA=2456807.937975|+13.198|+0.003|1.691
DATA=2456807.938761|+13.195|+0.003|1.699
DATA=2456807.939539|+13.191|+0.003|1.707
DATA=2456807.940328|+13.170|+0.003|1.716
DATA=2456807.941106|+13.183|+0.003|1.724
DATA=2456807.941892|+13.182|+0.003|1.733
DATA=2456807.942670|+13.163|+0.003|1.742
DATA=2456807.943455|+13.166|+0.003|1.751
DATA=2456807.944235|+13.165|+0.003|1.760
DATA=2456807.945020|+13.162|+0.003|1.769
DATA=2456807.945799|+13.147|+0.003|1.778
DATA=2456807.946587|+13.143|+0.003|1.788
DATA=2456807.947365|+13.140|+0.003|1.797
DATA=2456807.948151|+13.135|+0.003|1.807
DATA=2456807.948928|+13.121|+0.003|1.817
DATA=2456807.949717|+13.115|+0.003|1.827
DATA=2456807.950494|+13.093|+0.003|1.837
DATA=2456807.951279|+13.095|+0.003|1.848
DATA=2456807.953241|+13.079|+0.003|1.875
DATA=2456807.954018|+13.079|+0.003|1.886
DATA=2456807.954803|+13.079|+0.003|1.897
DATA=2456807.955580|+13.069|+0.003|1.908
DATA=2456807.956367|+13.063|+0.003|1.920
DATA=2456807.957144|+13.057|+0.003|1.931
DATA=2456807.957931|+13.043|+0.003|1.943
DATA=2456807.958708|+13.028|+0.003|1.955
DATA=2456807.959496|+13.034|+0.003|1.968
DATA=2456807.960274|+13.033|+0.003|1.980
DATA=2456807.961061|+13.026|+0.003|1.993
DATA=2456807.961839|+13.015|+0.003|2.006
DATA=2456807.962626|+13.016|+0.003|2.019
DATA=2456807.963403|+13.006|+0.003|2.032
DATA=2456807.964191|+13.000|+0.003|2.046
DATA=2456807.964968|+12.990|+0.003|2.060
DATA=2456807.965755|+12.991|+0.003|2.074
DATA=2456807.966532|+12.978|+0.003|2.088
ENDDATA
STARTMETADATA
REVISEDDATA=FALSE
OBJECTNUMBER=472
OBJECTNAME=Roma
MPCDESIG=1901 GP
SESSIONDATE=2014-05-31
SESSIONTIME=07:31:00
CONTACTNAME=R. D. Stephens
CONTACTINFO=R. D. Stephens, 11355 Mount Johnson Court, Rancho Cucamonga, CA 91737
OBSERVERS=R. D. Stephens
OBSLONGITUDE=-116.383611
OBSLATITUDE=+34.291111
OBJECTRA=16:18
OBJECTDEC=+00
PHASE=+8.13
PABL=+243.8
PABB=+17.9
FILTER=C
MAGBAND=V
CICORRECTION=FALSE
CIBAND=NONE
CITARGET=+0.000
DIFFERMAGS=FALSE
MAGADJUST=0.0
STANDARD=INTERNAL
LTCAPP=NONE
LTCDAYS=-0.010514
LTCTYPE=NONE
REDUCEDMAGS=NONE
UCORMAG=-3.5255
PUBLICATION=
BIBCODE=
COMMENT=Heliocentric ecliptic longitude/latitude: +242.45/+21.76
COMMENT=Earth/Sun distances (AU): +2.7839/+1.8216
COMMENT=Observer Instrumentation: .40m F/10 SCT/FLI 1001e
DELIMITER=PIPE
COMPNAME1=161756.79 +004235.0
COMPRA1=16:17:56.79
COMPDEC1=+00:42:34.9
COMPMAG1=+12.435
COMPCI1=+0.387
COMPNAME3=161842.03 +004506.3
COMPRA3=16:18:42.03
COMPDEC3=+00:45:06.3
COMPMAG3=+12.320
COMPCI3=+0.386
COMPNAME4=161807.96 +003919.5
COMPRA4=16:18:07.98
COMPDEC4=+00:39:19.6
COMPMAG4=+13.115
COMPCI4=+0.375
ENDMETADATA
DATA=2456808.666322|+13.192|+0.004|1.979
DATA=2456808.667108|+13.198|+0.003|1.967
DATA=2456808.667888|+13.200|+0.003|1.954
DATA=2456808.668676|+13.213|+0.003|1.942
DATA=2456808.669461|+13.212|+0.003|1.930
DATA=2456808.670249|+13.223|+0.003|1.918
DATA=2456808.671030|+13.239|+0.003|1.907
DATA=2456808.671816|+13.231|+0.003|1.896
DATA=2456808.672604|+13.236|+0.003|1.884
DATA=2456808.673389|+13.233|+0.003|1.873
DATA=2456808.674170|+13.232|+0.003|1.863
DATA=2456808.674956|+13.229|+0.003|1.852
DATA=2456808.675742|+13.226|+0.003|1.841
DATA=2456808.676523|+13.228|+0.003|1.831
DATA=2456808.677310|+13.234|+0.003|1.821
DATA=2456808.678097|+13.227|+0.003|1.811
DATA=2456808.678885|+13.228|+0.003|1.801
DATA=2456808.679666|+13.230|+0.003|1.791
DATA=2456808.680452|+13.232|+0.003|1.782
DATA=2456808.681240|+13.242|+0.003|1.772
DATA=2456808.682025|+13.232|+0.003|1.763
DATA=2456808.682806|+13.238|+0.003|1.754
DATA=2456808.683588|+13.236|+0.003|1.745
DATA=2456808.684369|+13.239|+0.003|1.736
DATA=2456808.685157|+13.248|+0.003|1.727
DATA=2456808.685943|+13.244|+0.003|1.719
DATA=2456808.686723|+13.252|+0.003|1.710
DATA=2456808.687511|+13.244|+0.003|1.702
DATA=2456808.688297|+13.251|+0.003|1.693
DATA=2456808.689085|+13.251|+0.003|1.685
DATA=2456808.689865|+13.252|+0.003|1.677
DATA=2456808.690650|+13.263|+0.003|1.669
DATA=2456808.691431|+13.254|+0.003|1.662
DATA=2456808.692220|+13.246|+0.003|1.654
DATA=2456808.693003|+13.251|+0.003|1.646
DATA=2456808.693783|+13.258|+0.003|1.639
DATA=2456808.694569|+13.245|+0.003|1.632
DATA=2456808.695357|+13.249|+0.003|1.624
DATA=2456808.696144|+13.255|+0.003|1.617
DATA=2456808.696924|+13.257|+0.003|1.610
DATA=2456808.697712|+13.244|+0.003|1.603
DATA=2456808.698498|+13.246|+0.003|1.596
DATA=2456808.699287|+13.255|+0.003|1.590
DATA=2456808.700067|+13.252|+0.003|1.583
DATA=2456808.700855|+13.256|+0.003|1.576
DATA=2456808.701641|+13.248|+0.003|1.570
DATA=2456808.702427|+13.260|+0.003|1.564
DATA=2456808.703216|+13.245|+0.003|1.557
DATA=2456808.703996|+13.243|+0.003|1.551
DATA=2456808.704784|+13.242|+0.003|1.545
DATA=2456808.706675|+13.247|+0.003|1.531
DATA=2456808.707458|+13.244|+0.003|1.525
DATA=2456808.708246|+13.244|+0.003|1.519
DATA=2456808.709815|+13.249|+0.003|1.508
DATA=2456808.710602|+13.250|+0.003|1.502
DATA=2456808.711389|+13.244|+0.003|1.497
DATA=2456808.712178|+13.235|+0.003|1.492
DATA=2456808.712965|+13.232|+0.003|1.486
DATA=2456808.713752|+13.235|+0.003|1.481
DATA=2456808.714532|+13.224|+0.003|1.476
DATA=2456808.715317|+13.227|+0.003|1.471
DATA=2456808.716105|+13.230|+0.003|1.466
DATA=2456808.716886|+13.221|+0.003|1.461
DATA=2456808.717673|+13.236|+0.003|1.456
DATA=2456808.718459|+13.228|+0.003|1.451
DATA=2456808.719247|+13.229|+0.003|1.447
DATA=2456808.720028|+13.230|+0.003|1.442
DATA=2456808.720815|+13.226|+0.003|1.437
DATA=2456808.721602|+13.221|+0.003|1.433
DATA=2456808.722389|+13.230|+0.003|1.428
DATA=2456808.723177|+13.223|+0.003|1.424
DATA=2456808.723957|+13.213|+0.003|1.420
DATA=2456808.724742|+13.225|+0.003|1.415
DATA=2456808.725523|+13.217|+0.003|1.411
DATA=2456808.726317|+13.211|+0.003|1.407
DATA=2456808.727098|+13.223|+0.003|1.403
DATA=2456808.727885|+13.223|+0.003|1.399
DATA=2456808.728673|+13.212|+0.003|1.395
DATA=2456808.729460|+13.222|+0.003|1.391
DATA=2456808.730245|+13.223|+0.003|1.387
DATA=2456808.731025|+13.220|+0.003|1.383
DATA=2456808.731811|+13.217|+0.003|1.379
DATA=2456808.732592|+13.220|+0.003|1.376
DATA=2456808.733380|+13.212|+0.003|1.372
DATA=2456808.734163|+13.219|+0.003|1.368
DATA=2456808.734953|+13.219|+0.003|1.365
DATA=2456808.736523|+13.229|+0.003|1.358
DATA=2456808.737307|+13.215|+0.003|1.355
DATA=2456808.738096|+13.223|+0.003|1.351
DATA=2456808.738883|+13.217|+0.003|1.348
DATA=2456808.739664|+13.219|+0.003|1.345
DATA=2456808.740452|+13.225|+0.003|1.341
DATA=2456808.741238|+13.215|+0.003|1.338
DATA=2456808.742025|+13.226|+0.003|1.335
DATA=2456808.742805|+13.225|+0.003|1.332
DATA=2456808.743601|+13.212|+0.003|1.329
DATA=2456808.744389|+13.214|+0.003|1.326
DATA=2456808.745170|+13.227|+0.003|1.323
DATA=2456808.747761|+13.228|+0.003|1.314
DATA=2456808.748544|+13.227|+0.003|1.311
DATA=2456808.749325|+13.216|+0.003|1.308
DATA=2456808.750120|+13.227|+0.003|1.306
DATA=2456808.750908|+13.227|+0.003|1.303
DATA=2456808.751688|+13.219|+0.003|1.301
DATA=2456808.752474|+13.222|+0.003|1.298
DATA=2456808.753254|+13.214|+0.003|1.296
DATA=2456808.754042|+13.221|+0.003|1.293
DATA=2456808.754826|+13.217|+0.003|1.291
DATA=2456808.755615|+13.214|+0.003|1.288
DATA=2456808.756395|+13.216|+0.003|1.286
DATA=2456808.757190|+13.211|+0.003|1.284
DATA=2456808.757979|+13.208|+0.003|1.282
DATA=2456808.758759|+13.206|+0.003|1.279
DATA=2456808.759547|+13.194|+0.003|1.277
DATA=2456808.760333|+13.191|+0.003|1.275
DATA=2456808.761120|+13.195|+0.003|1.273
DATA=2456808.761900|+13.182|+0.003|1.271
DATA=2456808.762686|+13.171|+0.003|1.269
DATA=2456808.763467|+13.166|+0.003|1.267
DATA=2456808.764252|+13.157|+0.003|1.265
DATA=2456808.765039|+13.149|+0.003|1.263
DATA=2456808.765828|+13.146|+0.003|1.261
DATA=2456808.766613|+13.134|+0.003|1.259
DATA=2456808.767394|+13.131|+0.003|1.258
DATA=2456808.768180|+13.125|+0.003|1.256
DATA=2456808.768961|+13.117|+0.003|1.254
DATA=2456808.769749|+13.107|+0.003|1.252
DATA=2456808.770533|+13.096|+0.003|1.251
DATA=2456808.771321|+13.089|+0.003|1.249
DATA=2456808.772102|+13.087|+0.003|1.248
DATA=2456808.772890|+13.081|+0.003|1.246
DATA=2456808.773673|+13.069|+0.003|1.245
DATA=2456808.774454|+13.065|+0.003|1.243
DATA=2456808.775240|+13.059|+0.003|1.242
DATA=2456808.776028|+13.052|+0.002|1.240
DATA=2456808.776814|+13.053|+0.002|1.239
DATA=2456808.777595|+13.047|+0.002|1.238
DATA=2456808.778383|+13.040|+0.003|1.236
DATA=2456808.779169|+13.033|+0.002|1.235
DATA=2456808.779957|+13.030|+0.002|1.234
DATA=2456808.780738|+13.016|+0.002|1.232
DATA=2456808.781524|+13.017|+0.002|1.231
DATA=2456808.782312|+13.009|+0.002|1.230
DATA=2456808.783098|+13.013|+0.002|1.229
DATA=2456808.783887|+13.003|+0.002|1.228
DATA=2456808.784667|+12.992|+0.002|1.227
DATA=2456808.786241|+12.999|+0.002|1.225
DATA=2456808.788232|+12.975|+0.002|1.223
DATA=2456808.789017|+12.976|+0.002|1.222
DATA=2456808.789803|+12.964|+0.002|1.221
DATA=2456808.790591|+12.966|+0.002|1.220
DATA=2456808.791372|+12.963|+0.002|1.219
DATA=2456808.792160|+12.951|+0.002|1.218
DATA=2456808.792946|+12.956|+0.002|1.218
DATA=2456808.793733|+12.953|+0.002|1.217
DATA=2456808.794513|+12.949|+0.002|1.216
DATA=2456808.795302|+12.942|+0.002|1.216
DATA=2456808.796086|+12.947|+0.002|1.215
DATA=2456808.796874|+12.943|+0.002|1.215
DATA=2456808.797658|+12.934|+0.002|1.214
DATA=2456808.798439|+12.935|+0.002|1.213
DATA=2456808.799227|+12.935|+0.002|1.213
DATA=2456808.800008|+12.936|+0.002|1.213
DATA=2456808.800793|+12.924|+0.002|1.212
DATA=2456808.801573|+12.923|+0.002|1.212
DATA=2456808.802370|+12.922|+0.002|1.211
DATA=2456808.803151|+12.923|+0.002|1.211
DATA=2456808.803946|+12.916|+0.002|1.211
DATA=2456808.804732|+12.919|+0.002|1.210
DATA=2456808.805512|+12.916|+0.002|1.210
DATA=2456808.806300|+12.915|+0.002|1.210
DATA=2456808.807086|+12.913|+0.002|1.210
DATA=2456808.807875|+12.915|+0.002|1.210
DATA=2456808.808656|+12.917|+0.002|1.210
DATA=2456808.809449|+12.901|+0.002|1.209
DATA=2456808.810230|+12.908|+0.002|1.209
DATA=2456808.811016|+12.910|+0.002|1.209
DATA=2456808.811802|+12.903|+0.002|1.209
DATA=2456808.812582|+12.907|+0.002|1.209
DATA=2456808.813368|+12.905|+0.002|1.209
DATA=2456808.814149|+12.900|+0.002|1.210
DATA=2456808.814937|+12.892|+0.002|1.210
DATA=2456808.815722|+12.893|+0.002|1.210
DATA=2456808.816510|+12.901|+0.002|1.210
DATA=2456808.817290|+12.903|+0.002|1.210
DATA=2456808.818075|+12.904|+0.002|1.210
DATA=2456808.818856|+12.906|+0.002|1.211
DATA=2456808.819644|+12.904|+0.002|1.211
DATA=2456808.820428|+12.895|+0.002|1.211
DATA=2456808.821217|+12.902|+0.002|1.212
DATA=2456808.822005|+12.903|+0.002|1.212
DATA=2456808.822786|+12.900|+0.002|1.212
DATA=2456808.823581|+12.894|+0.002|1.213
DATA=2456808.824361|+12.909|+0.002|1.213
DATA=2456808.825149|+12.903|+0.002|1.214
DATA=2456808.825935|+12.902|+0.002|1.214
DATA=2456808.826721|+12.903|+0.002|1.215
DATA=2456808.830840|+12.908|+0.002|1.218
DATA=2456808.831627|+12.912|+0.002|1.219
DATA=2456808.832415|+12.918|+0.002|1.220
DATA=2456808.833195|+12.919|+0.002|1.221
DATA=2456808.833982|+12.916|+0.002|1.222
DATA=2456808.834767|+12.921|+0.002|1.222
DATA=2456808.835549|+12.925|+0.002|1.223
DATA=2456808.836333|+12.926|+0.002|1.224
DATA=2456808.837121|+12.934|+0.002|1.225
DATA=2456808.837910|+12.934|+0.002|1.226
DATA=2456808.838690|+12.944|+0.002|1.227
DATA=2456808.839478|+12.944|+0.002|1.228
DATA=2456808.840262|+12.942|+0.002|1.229
DATA=2456808.841052|+12.951|+0.002|1.230
DATA=2456808.841833|+12.950|+0.002|1.232
DATA=2456808.842626|+12.946|+0.002|1.233
DATA=2456808.843407|+12.952|+0.002|1.234
DATA=2456808.844192|+12.959|+0.002|1.235
DATA=2456808.844981|+12.958|+0.002|1.237
DATA=2456808.845761|+12.965|+0.002|1.238
DATA=2456808.846549|+12.975|+0.002|1.239
DATA=2456808.847335|+12.976|+0.002|1.241
DATA=2456808.848123|+12.974|+0.002|1.242
DATA=2456808.848904|+12.982|+0.002|1.244
DATA=2456808.849691|+12.988|+0.002|1.245
DATA=2456808.850474|+12.989|+0.002|1.247
DATA=2456808.851262|+12.990|+0.002|1.248
DATA=2456808.852042|+12.996|+0.002|1.250
DATA=2456808.852828|+13.000|+0.002|1.251
DATA=2456808.853617|+13.018|+0.002|1.253
DATA=2456808.854397|+13.016|+0.002|1.255
DATA=2456808.855185|+13.022|+0.002|1.256
DATA=2456808.855971|+13.030|+0.002|1.258
DATA=2456808.856761|+13.028|+0.002|1.260
DATA=2456808.857547|+13.040|+0.002|1.262
DATA=2456808.858335|+13.041|+0.002|1.264
DATA=2456808.859119|+13.056|+0.002|1.266
DATA=2456808.859900|+13.053|+0.003|1.268
DATA=2456808.860687|+13.061|+0.003|1.270
DATA=2456808.861467|+13.063|+0.003|1.272
DATA=2456808.862256|+13.075|+0.003|1.274
DATA=2456808.863041|+13.083|+0.003|1.276
DATA=2456808.863830|+13.094|+0.003|1.278
DATA=2456808.864611|+13.101|+0.003|1.280
DATA=2456808.865398|+13.097|+0.003|1.282
DATA=2456808.866184|+13.114|+0.003|1.285
DATA=2456808.866970|+13.113|+0.003|1.287
DATA=2456808.867757|+13.118|+0.003|1.289
DATA=2456808.868538|+13.132|+0.003|1.291
DATA=2456808.869327|+13.141|+0.003|1.294
DATA=2456808.871318|+13.160|+0.003|1.300
DATA=2456808.872099|+13.165|+0.003|1.303
DATA=2456808.872887|+13.174|+0.003|1.305
DATA=2456808.873675|+13.180|+0.003|1.308
DATA=2456808.874456|+13.198|+0.003|1.311
DATA=2456808.875252|+13.196|+0.003|1.313
DATA=2456808.876033|+13.194|+0.003|1.316
DATA=2456808.876821|+13.211|+0.003|1.319
DATA=2456808.877607|+13.220|+0.003|1.322
DATA=2456808.878393|+13.224|+0.003|1.325
DATA=2456808.879179|+13.235|+0.003|1.328
DATA=2456808.879960|+13.240|+0.003|1.331
DATA=2456808.880744|+13.243|+0.003|1.334
DATA=2456808.881524|+13.242|+0.003|1.337
DATA=2456808.882314|+13.259|+0.003|1.340
DATA=2456808.883098|+13.246|+0.003|1.343
DATA=2456808.883888|+13.266|+0.003|1.346
DATA=2456808.884669|+13.266|+0.003|1.350
DATA=2456808.885464|+13.270|+0.003|1.353
DATA=2456808.886244|+13.271|+0.003|1.356
DATA=2456808.887026|+13.275|+0.003|1.360
DATA=2456808.887807|+13.287|+0.003|1.363
DATA=2456808.888594|+13.283|+0.003|1.367
DATA=2456808.889378|+13.271|+0.003|1.370
DATA=2456808.890159|+13.276|+0.003|1.374
DATA=2456808.891728|+13.269|+0.003|1.381
DATA=2456808.892515|+13.268|+0.003|1.385
DATA=2456808.893302|+13.276|+0.003|1.389
DATA=2456808.894087|+13.273|+0.003|1.393
DATA=2456808.894868|+13.273|+0.003|1.397
DATA=2456808.896442|+13.259|+0.003|1.405
DATA=2456808.897231|+13.262|+0.003|1.409
DATA=2456808.898017|+13.254|+0.003|1.413
DATA=2456808.898797|+13.252|+0.003|1.418
DATA=2456808.899585|+13.256|+0.003|1.422
DATA=2456808.900371|+13.257|+0.003|1.426
DATA=2456808.901158|+13.248|+0.003|1.431
DATA=2456808.901938|+13.248|+0.003|1.435
DATA=2456808.902725|+13.250|+0.003|1.440
DATA=2456808.903506|+13.251|+0.003|1.444
DATA=2456808.904301|+13.248|+0.003|1.449
DATA=2456808.905089|+13.238|+0.003|1.454
DATA=2456808.905870|+13.236|+0.003|1.459
DATA=2456808.906655|+13.232|+0.003|1.464
DATA=2456808.907443|+13.238|+0.003|1.469
DATA=2456808.908231|+13.238|+0.003|1.474
DATA=2456808.909012|+13.234|+0.003|1.479
DATA=2456808.909799|+13.244|+0.003|1.484
DATA=2456808.914835|+13.225|+0.003|1.519
DATA=2456808.915621|+13.237|+0.003|1.525
DATA=2456808.916409|+13.225|+0.003|1.530
DATA=2456808.917190|+13.231|+0.003|1.536
DATA=2456808.917977|+13.211|+0.003|1.542
DATA=2456808.918761|+13.214|+0.003|1.548
DATA=2456808.919552|+13.220|+0.003|1.555
DATA=2456808.921127|+13.211|+0.003|1.567
DATA=2456808.921915|+13.219|+0.003|1.574
DATA=2456808.922696|+13.206|+0.003|1.580
DATA=2456808.923491|+13.214|+0.003|1.587
DATA=2456808.924272|+13.226|+0.003|1.593
DATA=2456808.925059|+13.211|+0.003|1.600
DATA=2456808.925845|+13.209|+0.003|1.607
DATA=2456808.926626|+13.211|+0.003|1.614
DATA=2456808.927412|+13.203|+0.003|1.621
DATA=2456808.928198|+13.201|+0.003|1.628
DATA=2456808.928987|+13.205|+0.003|1.636
DATA=2456808.929767|+13.207|+0.003|1.643
DATA=2456808.930555|+13.208|+0.003|1.651
DATA=2456808.931341|+13.199|+0.003|1.658
DATA=2456808.932129|+13.198|+0.003|1.666
DATA=2456808.932909|+13.205|+0.003|1.674
DATA=2456808.933702|+13.205|+0.003|1.682
DATA=2456808.934482|+13.198|+0.003|1.690
DATA=2456808.935268|+13.198|+0.003|1.698
DATA=2456808.936048|+13.198|+0.003|1.706
DATA=2456808.936832|+13.192|+0.003|1.715
DATA=2456808.937613|+13.201|+0.003|1.723
DATA=2456808.938399|+13.194|+0.003|1.732
DATA=2456808.939187|+13.191|+0.003|1.741
DATA=2456808.939968|+13.194|+0.003|1.750
DATA=2456808.940755|+13.184|+0.003|1.759
DATA=2456808.941540|+13.192|+0.003|1.768
DATA=2456808.942328|+13.183|+0.003|1.778
DATA=2456808.943108|+13.185|+0.003|1.787
DATA=2456808.943895|+13.184|+0.003|1.797
DATA=2456808.944682|+13.193|+0.003|1.807
DATA=2456808.945468|+13.182|+0.003|1.817
DATA=2456808.946249|+13.190|+0.003|1.827
DATA=2456808.947035|+13.194|+0.003|1.837
DATA=2456808.947823|+13.196|+0.003|1.847
DATA=2456808.948603|+13.181|+0.003|1.858
DATA=2456808.949391|+13.189|+0.003|1.869
DATA=2456808.950177|+13.194|+0.003|1.880
DATA=2456808.950965|+13.186|+0.003|1.891
DATA=2456808.951746|+13.181|+0.003|1.902
DATA=2456808.952533|+13.180|+0.003|1.914
DATA=2456808.953318|+13.183|+0.003|1.925
DATA=2456808.955314|+13.188|+0.003|1.956
DATA=2456808.956094|+13.193|+0.003|1.968
DATA=2456808.956882|+13.177|+0.003|1.981
DATA=2456808.957668|+13.189|+0.003|1.993
DATA=2456808.958448|+13.178|+0.003|2.006
DATA=2456808.960022|+13.169|+0.003|2.033
DATA=2456808.960811|+13.182|+0.003|2.047
ENDDATA
STARTMETADATA
REVISEDDATA=FALSE
OBJECTNUMBER=472
OBJECTNAME=Roma
MPCDESIG=1901 GP
SESSIONDATE=2014-06-01
SESSIONTIME=07:31:00
CONTACTNAME=R. D. Stephens
CONTACTINFO=R. D. Stephens, 11355 Mount Johnson Court, Rancho Cucamonga, CA 91737
OBSERVERS=R. D. Stephens
OBSLONGITUDE=-116.383611
OBSLATITUDE=+34.291111
OBJECTRA=16:17
OBJECTDEC=+00
PHASE=+8.24
PABL=+243.8
PABB=+17.9
FILTER=C
MAGBAND=V
CICORRECTION=FALSE
CIBAND=NONE
CITARGET=+0.000
DIFFERMAGS=FALSE
MAGADJUST=0.0
STANDARD=INTERNAL
LTCAPP=NONE
LTCDAYS=-0.010522
LTCTYPE=NONE
REDUCEDMAGS=NONE
UCORMAG=-3.5271
PUBLICATION=
BIBCODE=
COMMENT=Heliocentric ecliptic longitude/latitude: +242.21/+21.70
COMMENT=Earth/Sun distances (AU): +2.7839/+1.8229
COMMENT=Observer Instrumentation: .40m F/10 SCT/FLI 1001e
DELIMITER=PIPE
COMPNAME1=161719.72 +003953.4
COMPRA1=16:17:19.71
COMPDEC1=+00:39:53.0
COMPMAG1=+13.533
COMPCI1=+0.402
COMPNAME2=161713.32 +004235.4
COMPRA2=16:17:13.32
COMPDEC2=+00:42:35.5
COMPMAG2=+13.909
COMPCI2=+0.452
COMPNAME3=161719.68 +004440.3
COMPRA3=16:17:19.69
COMPDEC3=+00:44:40.3
COMPMAG3=+13.799
COMPCI3=+0.378
COMPNAME4=161716.58 +004610.0
COMPRA4=16:17:16.58
COMPDEC4=+00:46:10.1
COMPMAG4=+13.452
COMPCI4=+0.352
COMPNAME5=161707.96 +004716.3
COMPRA5=16:17:07.95
COMPDEC5=+00:47:16.5
COMPMAG5=+13.323
COMPCI5=+0.443
ENDMETADATA
DATA=2456809.666859|+12.940|+0.005|1.918
DATA=2456809.667645|+12.954|+0.004|1.906
DATA=2456809.668426|+12.955|+0.004|1.895
DATA=2456809.669213|+12.947|+0.004|1.884
DATA=2456809.669999|+12.955|+0.004|1.873
DATA=2456809.670786|+12.970|+0.004|1.862
DATA=2456809.671567|+12.963|+0.004|1.851
DATA=2456809.672352|+12.975|+0.004|1.841
DATA=2456809.673133|+12.973|+0.004|1.831
DATA=2456809.673918|+12.989|+0.004|1.820
DATA=2456809.674705|+13.000|+0.004|1.810
DATA=2456809.675485|+13.003|+0.004|1.801
DATA=2456809.676271|+13.013|+0.004|1.791
DATA=2456809.677058|+13.017|+0.004|1.781
DATA=2456809.677846|+13.020|+0.004|1.772
DATA=2456809.678626|+13.023|+0.004|1.763
DATA=2456809.679414|+13.032|+0.004|1.753
DATA=2456809.681768|+13.057|+0.004|1.727
DATA=2456809.682552|+13.075|+0.004|1.718
DATA=2456809.683333|+13.079|+0.004|1.710
DATA=2456809.684129|+13.087|+0.004|1.701
DATA=2456809.684917|+13.096|+0.004|1.693
DATA=2456809.685696|+13.100|+0.004|1.685
DATA=2456809.686485|+13.115|+0.004|1.677
DATA=2456809.687272|+13.124|+0.004|1.669
DATA=2456809.688059|+13.133|+0.004|1.661
DATA=2456809.688840|+13.138|+0.004|1.654
DATA=2456809.689634|+13.136|+0.004|1.646
DATA=2456809.690422|+13.163|+0.004|1.638
DATA=2456809.691203|+13.167|+0.004|1.631
DATA=2456809.691999|+13.174|+0.004|1.624
DATA=2456809.692780|+13.179|+0.004|1.617
DATA=2456809.693565|+13.185|+0.004|1.610
DATA=2456809.694345|+13.189|+0.004|1.603
DATA=2456809.695141|+13.191|+0.004|1.596
DATA=2456809.695929|+13.200|+0.004|1.589
DATA=2456809.696709|+13.200|+0.004|1.583
DATA=2456809.697497|+13.197|+0.004|1.576
DATA=2456809.698285|+13.215|+0.004|1.569
DATA=2456809.699073|+13.209|+0.004|1.563
DATA=2456809.699859|+13.236|+0.004|1.557
DATA=2456809.700645|+13.226|+0.004|1.551
DATA=2456809.701426|+13.233|+0.004|1.545
DATA=2456809.702211|+13.215|+0.004|1.539
DATA=2456809.702997|+13.236|+0.004|1.533
DATA=2456809.703778|+13.238|+0.004|1.527
DATA=2456809.704563|+13.243|+0.004|1.521
DATA=2456809.705344|+13.245|+0.004|1.515
DATA=2456809.707105|+13.239|+0.004|1.503
DATA=2456809.707886|+13.236|+0.004|1.497
DATA=2456809.708674|+13.228|+0.004|1.492
DATA=2456809.709460|+13.232|+0.004|1.487
DATA=2456809.711026|+13.240|+0.004|1.476
DATA=2456809.711807|+13.238|+0.004|1.471
DATA=2456809.712594|+13.236|+0.004|1.466
DATA=2456809.713381|+13.234|+0.004|1.461
DATA=2456809.714169|+13.236|+0.004|1.457
DATA=2456809.714950|+13.233|+0.004|1.452
DATA=2456809.716531|+13.214|+0.004|1.442
DATA=2456809.718097|+13.216|+0.004|1.433
DATA=2456809.718877|+13.218|+0.004|1.429
DATA=2456809.719665|+13.211|+0.004|1.424
DATA=2456809.720452|+13.209|+0.004|1.420
DATA=2456809.721240|+13.221|+0.004|1.416
DATA=2456809.722020|+13.208|+0.004|1.412
DATA=2456809.722805|+13.204|+0.004|1.407
DATA=2456809.723585|+13.202|+0.004|1.403
DATA=2456809.724381|+13.209|+0.004|1.399
DATA=2456809.725169|+13.195|+0.004|1.395
DATA=2456809.725950|+13.192|+0.004|1.391
DATA=2456809.726737|+13.211|+0.004|1.387
DATA=2456809.727522|+13.203|+0.004|1.384
DATA=2456809.728310|+13.187|+0.004|1.380
DATA=2456809.729091|+13.195|+0.004|1.376
DATA=2456809.729876|+13.190|+0.004|1.372
DATA=2456809.730657|+13.189|+0.004|1.369
DATA=2456809.731444|+13.192|+0.004|1.365
DATA=2456809.732230|+13.209|+0.004|1.362
DATA=2456809.733017|+13.199|+0.004|1.358
DATA=2456809.733805|+13.198|+0.004|1.355
DATA=2456809.734586|+13.194|+0.004|1.352
DATA=2456809.735373|+13.207|+0.004|1.348
DATA=2456809.736157|+13.193|+0.004|1.345
DATA=2456809.736945|+13.184|+0.004|1.342
DATA=2456809.737726|+13.202|+0.004|1.339
DATA=2456809.738513|+13.185|+0.004|1.335
DATA=2456809.739301|+13.190|+0.004|1.332
DATA=2456809.740088|+13.191|+0.004|1.329
DATA=2456809.740876|+13.179|+0.004|1.326
DATA=2456809.741657|+13.172|+0.004|1.323
DATA=2456809.742445|+13.182|+0.004|1.321
DATA=2456809.743230|+13.180|+0.004|1.318
DATA=2456809.744017|+13.182|+0.004|1.315
DATA=2456809.744799|+13.176|+0.004|1.312
DATA=2456809.745584|+13.182|+0.004|1.310
DATA=2456809.748782|+13.170|+0.004|1.299
DATA=2456809.749568|+13.170|+0.004|1.296
DATA=2456809.750349|+13.157|+0.004|1.294
DATA=2456809.751137|+13.166|+0.004|1.292
DATA=2456809.751923|+13.159|+0.004|1.289
DATA=2456809.752712|+13.151|+0.004|1.287
DATA=2456809.753498|+13.164|+0.004|1.285
DATA=2456809.754278|+13.159|+0.004|1.282
DATA=2456809.755064|+13.164|+0.004|1.280
DATA=2456809.755852|+13.149|+0.004|1.278
DATA=2456809.756638|+13.160|+0.004|1.276
DATA=2456809.757419|+13.158|+0.004|1.274
DATA=2456809.758207|+13.151|+0.004|1.272
DATA=2456809.758993|+13.158|+0.004|1.270
DATA=2456809.759782|+13.168|+0.004|1.268
DATA=2456809.760562|+13.161|+0.004|1.266
DATA=2456809.761348|+13.158|+0.004|1.264
DATA=2456809.762136|+13.161|+0.004|1.262
DATA=2456809.762922|+13.167|+0.004|1.260
DATA=2456809.763703|+13.151|+0.004|1.258
DATA=2456809.764488|+13.153|+0.004|1.256
DATA=2456809.765274|+13.157|+0.004|1.255
DATA=2456809.766055|+13.162|+0.004|1.253
DATA=2456809.766843|+13.159|+0.004|1.251
DATA=2456809.767628|+13.155|+0.004|1.250
DATA=2456809.768417|+13.152|+0.004|1.248
DATA=2456809.769198|+13.166|+0.004|1.247
DATA=2456809.769984|+13.154|+0.004|1.245
DATA=2456809.770772|+13.152|+0.004|1.244
DATA=2456809.771558|+13.157|+0.004|1.242
DATA=2456809.772345|+13.148|+0.004|1.241
DATA=2456809.773126|+13.143|+0.004|1.239
DATA=2456809.773914|+13.148|+0.004|1.238
DATA=2456809.774700|+13.150|+0.004|1.237
DATA=2456809.775488|+13.145|+0.004|1.235
DATA=2456809.776269|+13.128|+0.004|1.234
DATA=2456809.777057|+13.137|+0.004|1.233
DATA=2456809.777843|+13.133|+0.004|1.232
DATA=2456809.778629|+13.126|+0.004|1.231
DATA=2456809.779409|+13.115|+0.004|1.229
DATA=2456809.780194|+13.121|+0.004|1.228
DATA=2456809.780982|+13.117|+0.004|1.227
DATA=2456809.781763|+13.115|+0.004|1.226
DATA=2456809.782550|+13.113|+0.004|1.225
DATA=2456809.783336|+13.090|+0.004|1.224
DATA=2456809.784124|+13.103|+0.004|1.223
DATA=2456809.784905|+13.089|+0.003|1.222
DATA=2456809.785692|+13.074|+0.003|1.222
DATA=2456809.786475|+13.077|+0.003|1.221
DATA=2456809.787263|+13.077|+0.003|1.220
DATA=2456809.789245|+13.054|+0.003|1.218
DATA=2456809.790030|+13.037|+0.003|1.217
DATA=2456809.790815|+13.040|+0.003|1.217
DATA=2456809.791596|+13.027|+0.003|1.216
DATA=2456809.792384|+13.020|+0.003|1.215
DATA=2456809.793170|+13.007|+0.003|1.215
DATA=2456809.793950|+13.010|+0.003|1.214
DATA=2456809.794738|+13.011|+0.003|1.214
DATA=2456809.795524|+12.990|+0.003|1.213
DATA=2456809.796312|+12.982|+0.003|1.213
DATA=2456809.797093|+12.978|+0.003|1.212
DATA=2456809.797880|+12.981|+0.003|1.212
DATA=2456809.798665|+12.998|+0.003|1.212
DATA=2456809.799446|+12.974|+0.003|1.211
DATA=2456809.800232|+12.975|+0.003|1.211
DATA=2456809.801018|+12.966|+0.003|1.211
DATA=2456809.801807|+12.960|+0.003|1.210
DATA=2456809.802587|+12.947|+0.003|1.210
DATA=2456809.803375|+12.940|+0.003|1.210
DATA=2456809.804161|+12.934|+0.003|1.210
DATA=2456809.804948|+12.938|+0.003|1.210
DATA=2456809.805728|+12.930|+0.003|1.210
DATA=2456809.806516|+12.933|+0.003|1.209
DATA=2456809.807302|+12.918|+0.003|1.209
DATA=2456809.808091|+12.920|+0.003|1.209
DATA=2456809.808876|+12.925|+0.003|1.209
DATA=2456809.809657|+12.922|+0.003|1.209
DATA=2456809.810445|+12.916|+0.003|1.209
DATA=2456809.811231|+12.901|+0.003|1.210
DATA=2456809.812019|+12.904|+0.003|1.210
DATA=2456809.812799|+12.913|+0.003|1.210
DATA=2456809.813585|+12.908|+0.003|1.210
DATA=2456809.814366|+12.902|+0.003|1.210
DATA=2456809.815162|+12.900|+0.003|1.211
DATA=2456809.815948|+12.900|+0.003|1.211
DATA=2456809.816728|+12.893|+0.003|1.211
DATA=2456809.817516|+12.891|+0.003|1.211
DATA=2456809.818303|+12.891|+0.003|1.212
DATA=2456809.819091|+12.883|+0.003|1.212
DATA=2456809.819880|+12.888|+0.003|1.213
DATA=2456809.820667|+12.882|+0.003|1.213
DATA=2456809.821455|+12.884|+0.003|1.214
DATA=2456809.822235|+12.879|+0.003|1.214
DATA=2456809.823023|+12.874|+0.003|1.215
DATA=2456809.823810|+12.876|+0.003|1.215
DATA=2456809.824597|+12.886|+0.003|1.216
DATA=2456809.825377|+12.874|+0.003|1.217
DATA=2456809.826170|+12.875|+0.003|1.217
DATA=2456809.826950|+12.879|+0.003|1.218
DATA=2456809.827739|+12.875|+0.003|1.219
DATA=2456809.833508|+12.875|+0.003|1.225
DATA=2456809.834301|+12.878|+0.003|1.226
DATA=2456809.835089|+12.878|+0.003|1.227
DATA=2456809.835870|+12.873|+0.003|1.228
DATA=2456809.836655|+12.873|+0.003|1.229
DATA=2456809.837435|+12.892|+0.003|1.230
DATA=2456809.838222|+12.883|+0.003|1.231
DATA=2456809.839008|+12.875|+0.003|1.233
DATA=2456809.839796|+12.869|+0.003|1.234
DATA=2456809.840577|+12.880|+0.003|1.235
DATA=2456809.841364|+12.878|+0.003|1.236
DATA=2456809.842147|+12.881|+0.003|1.238
DATA=2456809.842935|+12.888|+0.003|1.239
DATA=2456809.843715|+12.887|+0.003|1.240
DATA=2456809.844501|+12.885|+0.003|1.242
DATA=2456809.845287|+12.888|+0.003|1.243
DATA=2456809.846068|+12.889|+0.003|1.245
DATA=2456809.846855|+12.887|+0.003|1.246
DATA=2456809.847637|+12.892|+0.003|1.248
DATA=2456809.848423|+12.893|+0.003|1.249
DATA=2456809.849209|+12.900|+0.003|1.251
DATA=2456809.849996|+12.894|+0.003|1.253
DATA=2456809.851564|+12.909|+0.003|1.256
DATA=2456809.852350|+12.899|+0.003|1.258
DATA=2456809.853138|+12.900|+0.003|1.260
DATA=2456809.853924|+12.901|+0.003|1.261
DATA=2456809.854705|+12.905|+0.003|1.263
DATA=2456809.855492|+12.908|+0.003|1.265
DATA=2456809.856279|+12.903|+0.003|1.267
DATA=2456809.857066|+12.910|+0.003|1.269
DATA=2456809.857847|+12.900|+0.003|1.271
DATA=2456809.858635|+12.914|+0.003|1.273
DATA=2456809.859421|+12.911|+0.003|1.275
DATA=2456809.860205|+12.923|+0.003|1.277
DATA=2456809.860986|+12.923|+0.003|1.279
DATA=2456809.861774|+12.928|+0.003|1.282
DATA=2456809.862560|+12.931|+0.003|1.284
DATA=2456809.863341|+12.926|+0.003|1.286
DATA=2456809.864128|+12.940|+0.003|1.289
DATA=2456809.864915|+12.938|+0.003|1.291
DATA=2456809.865702|+12.944|+0.003|1.293
DATA=2456809.866483|+12.944|+0.003|1.296
DATA=2456809.867267|+12.942|+0.003|1.298
DATA=2456809.868049|+12.975|+0.004|1.301
DATA=2456809.868837|+12.967|+0.003|1.303
DATA=2456809.869620|+12.968|+0.003|1.306
DATA=2456809.870409|+12.979|+0.004|1.309
DATA=2456809.871197|+12.985|+0.004|1.311
DATA=2456809.871978|+12.983|+0.004|1.314
DATA=2456809.873951|+12.996|+0.004|1.321
DATA=2456809.874739|+12.988|+0.004|1.324
DATA=2456809.875525|+13.003|+0.004|1.327
DATA=2456809.876313|+13.013|+0.004|1.330
DATA=2456809.877094|+13.018|+0.004|1.333
DATA=2456809.877891|+13.025|+0.004|1.336
DATA=2456809.878671|+13.028|+0.004|1.339
DATA=2456809.879460|+13.038|+0.004|1.342
DATA=2456809.880245|+13.024|+0.004|1.346
DATA=2456809.881033|+13.034|+0.004|1.349
DATA=2456809.881819|+13.069|+0.004|1.352
DATA=2456809.882600|+13.069|+0.004|1.355
DATA=2456809.883387|+13.078|+0.004|1.359
DATA=2456809.884173|+13.076|+0.004|1.362
DATA=2456809.884961|+13.097|+0.004|1.366
DATA=2456809.885742|+13.092|+0.004|1.369
DATA=2456809.886528|+13.104|+0.004|1.373
DATA=2456809.887316|+13.153|+0.004|1.377
DATA=2456809.888104|+13.134|+0.004|1.380
DATA=2456809.888889|+13.131|+0.004|1.384
DATA=2456809.889670|+13.132|+0.004|1.388
DATA=2456809.890458|+13.129|+0.004|1.392
DATA=2456809.891244|+13.159|+0.004|1.396
DATA=2456809.892032|+13.153|+0.004|1.400
DATA=2456809.892813|+13.158|+0.004|1.404
DATA=2456809.893599|+13.181|+0.004|1.408
DATA=2456809.894386|+13.176|+0.004|1.412
DATA=2456809.895175|+13.189|+0.004|1.417
DATA=2456809.895960|+13.194|+0.004|1.421
DATA=2456809.896741|+13.180|+0.004|1.425
DATA=2456809.897528|+13.172|+0.004|1.430
DATA=2456809.898315|+13.174|+0.004|1.434
DATA=2456809.899103|+13.188|+0.004|1.439
DATA=2456809.899884|+13.184|+0.004|1.443
DATA=2456809.900679|+13.172|+0.004|1.448
DATA=2456809.901460|+13.181|+0.004|1.453
DATA=2456809.902245|+13.168|+0.004|1.457
DATA=2456809.903032|+13.174|+0.004|1.462
DATA=2456809.903813|+13.172|+0.004|1.467
DATA=2456809.904598|+13.186|+0.004|1.472
DATA=2456809.905379|+13.177|+0.004|1.477
DATA=2456809.906166|+13.172|+0.004|1.483
DATA=2456809.906952|+13.182|+0.004|1.488
DATA=2456809.907739|+13.183|+0.004|1.493
DATA=2456809.911659|+13.190|+0.004|1.521
DATA=2456809.912443|+13.191|+0.004|1.526
DATA=2456809.915279|+13.208|+0.004|1.548
DATA=2456809.916060|+13.204|+0.004|1.554
DATA=2456809.916849|+13.199|+0.004|1.560
DATA=2456809.917633|+13.208|+0.004|1.567
DATA=2456809.918421|+13.201|+0.004|1.573
DATA=2456809.919201|+13.217|+0.004|1.580
DATA=2456809.919989|+13.206|+0.004|1.586
DATA=2456809.920777|+13.213|+0.004|1.593
DATA=2456809.921560|+13.203|+0.004|1.600
DATA=2456809.922341|+13.200|+0.004|1.606
DATA=2456809.923129|+13.202|+0.004|1.613
DATA=2456809.923915|+13.206|+0.004|1.621
DATA=2456809.924696|+13.193|+0.004|1.628
DATA=2456809.925483|+13.208|+0.004|1.635
DATA=2456809.926267|+13.203|+0.004|1.642
DATA=2456809.927058|+13.203|+0.004|1.650
DATA=2456809.927839|+13.203|+0.004|1.658
DATA=2456809.928627|+13.204|+0.004|1.665
DATA=2456809.929413|+13.209|+0.004|1.673
DATA=2456809.930198|+13.199|+0.004|1.681
DATA=2456809.930988|+13.207|+0.004|1.689
DATA=2456809.931777|+13.211|+0.004|1.697
DATA=2456809.932563|+13.209|+0.004|1.706
DATA=2456809.933344|+13.194|+0.004|1.714
DATA=2456809.934130|+13.202|+0.004|1.723
DATA=2456809.934911|+13.197|+0.004|1.731
DATA=2456809.935696|+13.200|+0.004|1.740
DATA=2456809.936480|+13.205|+0.004|1.749
DATA=2456809.937260|+13.207|+0.004|1.758
DATA=2456809.938046|+13.197|+0.004|1.767
DATA=2456809.938835|+13.183|+0.004|1.777
DATA=2456809.939622|+13.186|+0.004|1.786
DATA=2456809.940402|+13.184|+0.004|1.796
DATA=2456809.941191|+13.190|+0.004|1.806
DATA=2456809.941977|+13.187|+0.004|1.816
DATA=2456809.942765|+13.178|+0.004|1.826
DATA=2456809.943545|+13.183|+0.004|1.836
DATA=2456809.944330|+13.185|+0.004|1.846
DATA=2456809.945111|+13.177|+0.004|1.857
DATA=2456809.945896|+13.175|+0.004|1.868
DATA=2456809.946676|+13.178|+0.004|1.879
DATA=2456809.947463|+13.175|+0.004|1.890
DATA=2456809.948246|+13.169|+0.004|1.901
DATA=2456809.949028|+13.179|+0.004|1.912
DATA=2456809.949814|+13.164|+0.004|1.924
DATA=2456809.951378|+13.170|+0.004|1.948
DATA=2456809.953733|+13.171|+0.004|1.985
DATA=2456809.955713|+13.176|+0.004|2.018
DATA=2456809.956496|+13.180|+0.004|2.031
DATA=2456809.957284|+13.187|+0.004|2.045
DATA=2456809.958072|+13.190|+0.004|2.059
DATA=2456809.958853|+13.180|+0.004|2.073
DATA=2456809.959641|+13.187|+0.004|2.087
DATA=2456809.960426|+13.185|+0.004|2.102
ENDDATA
