STARTMETADATA
REVISEDDATA=FALSE
OBJECTNUMBER=32
OBJECTNAME=Pomona
MPCDESIG=
SESSIONDATE=2012-12-05
SESSIONTIME=20:30:00
CONTACTNAME=P. Mazel
CONTACTINFO=pat.mazel@gmail.com
OBSERVERS=Mazel
OBSLONGITUDE=-0.2755
OBSLATITUDE=47.1692
OBJECTRA=01:14
OBJECTDEC=+08
PHASE=+16.58
PABL=0.0
PABB=0.0
FILTER=C
MAGBAND=R
CICORRECTION=FALSE
CIBAND=NONE
CITARGET=+0.000
DIFFERMAGS=TRUE
MAGADJUST=0.0
STANDARD=NONE
LTCAPP=NONE
LTCDAYS=-0.01264
LTCTYPE=NONE
REDUCEDMAGS=NONE
UCORMAG=-3.8271
PUBLICATION=
BIBCODE=
DELIMITER=PIPE
ENDMETADATA
DATA=2456267.32355|12.522|0.004|1.29
DATA=2456267.32429|12.522|0.009|1.29
DATA=2456267.32491|12.521|0.004|1.289
DATA=2456267.32554|12.522|0.004|1.289
DATA=2456267.32617|12.519|0.004|1.288
DATA=2456267.32678|12.524|0.004|1.288
DATA=2456267.32752|12.525|0.004|1.288
DATA=2456267.32815|12.516|0.004|1.287
DATA=2456267.32877|12.514|0.004|1.287
DATA=2456267.3294|12.523|0.004|1.286
DATA=2456267.33002|12.513|0.004|1.286
DATA=2456267.33076|12.516|0.004|1.286
DATA=2456267.33138|12.514|0.004|1.285
DATA=2456267.332|12.51|0.004|1.285
DATA=2456267.33263|12.508|0.004|1.285
DATA=2456267.33325|12.504|0.004|1.285
DATA=2456267.33394|12.512|0.004|1.284
DATA=2456267.33456|12.508|0.004|1.284
DATA=2456267.33519|12.507|0.003|1.284
DATA=2456267.33581|12.506|0.004|1.284
DATA=2456267.33644|12.501|0.004|1.284
DATA=2456267.33715|12.502|0.004|1.283
DATA=2456267.33778|12.503|0.004|1.283
DATA=2456267.3384|12.506|0.004|1.283
DATA=2456267.33903|12.499|0.004|1.283
DATA=2456267.33965|12.502|0.003|1.283
DATA=2456267.34039|12.494|0.003|1.283
DATA=2456267.34102|12.497|0.004|1.283
DATA=2456267.34163|12.5|0.004|1.283
DATA=2456267.34226|12.496|0.003|1.283
DATA=2456267.34288|12.497|0.003|1.283
DATA=2456267.34354|12.491|0.003|1.283
DATA=2456267.34417|12.495|0.004|1.283
DATA=2456267.34479|12.491|0.003|1.283
DATA=2456267.34542|12.482|0.004|1.283
DATA=2456267.34603|12.496|0.004|1.283
DATA=2456267.34677|12.489|0.004|1.283
DATA=2456267.3474|12.487|0.003|1.283
DATA=2456267.34801|12.478|0.003|1.284
DATA=2456267.34863|12.474|0.004|1.284
DATA=2456267.34925|12.479|0.004|1.284
DATA=2456267.34994|12.48|0.004|1.284
DATA=2456267.35057|12.479|0.004|1.284
DATA=2456267.35118|12.47|0.004|1.285
DATA=2456267.35181|12.475|0.004|1.285
DATA=2456267.35242|12.479|0.004|1.285
DATA=2456267.35316|12.464|0.004|1.286
DATA=2456267.35378|12.464|0.004|1.286
DATA=2456267.35441|12.459|0.004|1.286
DATA=2456267.35503|12.458|0.004|1.287
DATA=2456267.35566|12.456|0.004|1.287
DATA=2456267.35633|12.452|0.004|1.287
DATA=2456267.35696|12.456|0.004|1.288
DATA=2456267.35758|12.453|0.004|1.288
DATA=2456267.35821|12.457|0.004|1.289
DATA=2456267.35883|12.449|0.003|1.289
DATA=2456267.35955|12.457|0.003|1.29
DATA=2456267.36017|12.434|0.003|1.29
DATA=2456267.36079|12.439|0.004|1.291
DATA=2456267.36141|12.433|0.004|1.291
DATA=2456267.36204|12.429|0.003|1.292
DATA=2456267.3627|12.428|0.004|1.292
DATA=2456267.36332|12.421|0.004|1.293
DATA=2456267.36395|12.425|0.004|1.293
DATA=2456267.36457|12.428|0.004|1.294
DATA=2456267.36519|12.417|0.003|1.295
DATA=2456267.36584|12.409|0.003|1.295
DATA=2456267.36646|12.41|0.004|1.296
DATA=2456267.36708|12.406|0.003|1.297
DATA=2456267.3677|12.415|0.004|1.297
DATA=2456267.36832|12.406|0.004|1.298
DATA=2456267.36907|12.4|0.004|1.299
DATA=2456267.36969|12.399|0.003|1.3
DATA=2456267.37031|12.403|0.004|1.301
DATA=2456267.37094|12.394|0.003|1.301
DATA=2456267.37155|12.388|0.003|1.302
DATA=2456267.37223|12.394|0.003|1.303
DATA=2456267.37286|12.381|0.004|1.304
DATA=2456267.37347|12.384|0.003|1.305
DATA=2456267.3741|12.38|0.003|1.306
DATA=2456267.37471|12.377|0.005|1.307
DATA=2456267.37544|12.384|0.004|1.308
DATA=2456267.37605|12.379|0.003|1.309
DATA=2456267.37668|12.379|0.003|1.31
DATA=2456267.37729|12.373|0.003|1.311
DATA=2456267.37792|12.374|0.003|1.312
DATA=2456267.37866|12.373|0.003|1.313
DATA=2456267.37929|12.367|0.004|1.314
DATA=2456267.37991|12.362|0.003|1.315
DATA=2456267.38052|12.355|0.003|1.316
DATA=2456267.38115|12.36|0.004|1.317
DATA=2456267.3819|12.361|0.003|1.318
DATA=2456267.38252|12.35|0.003|1.32
DATA=2456267.38315|12.354|0.003|1.321
DATA=2456267.38377|12.357|0.003|1.322
DATA=2456267.3844|12.346|0.003|1.323
DATA=2456267.38515|12.354|0.003|1.325
DATA=2456267.38578|12.346|0.003|1.326
DATA=2456267.38639|12.345|0.004|1.327
DATA=2456267.38701|12.337|0.003|1.328
DATA=2456267.38763|12.338|0.003|1.33
DATA=2456267.38836|12.339|0.003|1.331
DATA=2456267.38897|12.338|0.003|1.333
DATA=2456267.38959|12.339|0.003|1.334
DATA=2456267.39022|12.336|0.003|1.335
DATA=2456267.39083|12.327|0.004|1.337
DATA=2456267.39156|12.328|0.003|1.338
DATA=2456267.3922|12.329|0.003|1.34
DATA=2456267.39281|12.336|0.004|1.341
DATA=2456267.39344|12.327|0.003|1.343
DATA=2456267.39405|12.325|0.003|1.344
DATA=2456267.39477|12.321|0.004|1.346
DATA=2456267.39541|12.318|0.004|1.348
DATA=2456267.39602|12.318|0.004|1.349
DATA=2456267.39664|12.316|0.003|1.351
DATA=2456267.39726|12.315|0.003|1.352
DATA=2456267.398|12.319|0.003|1.354
DATA=2456267.39862|12.31|0.004|1.356
DATA=2456267.39925|12.313|0.004|1.358
DATA=2456267.39987|12.312|0.003|1.36
DATA=2456267.40049|12.305|0.003|1.361
DATA=2456267.40124|12.313|0.004|1.363
DATA=2456267.40186|12.318|0.003|1.365
DATA=2456267.40248|12.316|0.003|1.367
DATA=2456267.4031|12.306|0.003|1.369
DATA=2456267.40372|12.31|0.003|1.371
DATA=2456267.40443|12.304|0.003|1.373
DATA=2456267.40506|12.301|0.003|1.375
DATA=2456267.40567|12.308|0.003|1.377
DATA=2456267.4063|12.301|0.003|1.379
DATA=2456267.40692|12.307|0.003|1.381
DATA=2456267.40765|12.301|0.003|1.383
DATA=2456267.40828|12.296|0.004|1.385
DATA=2456267.40889|12.307|0.003|1.387
DATA=2456267.40951|12.298|0.003|1.389
DATA=2456267.41014|12.298|0.003|1.391
DATA=2456267.41089|12.299|0.003|1.394
DATA=2456267.4115|12.298|0.003|1.396
DATA=2456267.41213|12.294|0.003|1.398
DATA=2456267.41274|12.296|0.004|1.4
DATA=2456267.41337|12.293|0.004|1.403
DATA=2456267.41411|12.298|0.003|1.405
DATA=2456267.41473|12.294|0.003|1.408
DATA=2456267.41536|12.291|0.003|1.41
DATA=2456267.41598|12.294|0.003|1.412
DATA=2456267.4166|12.291|0.004|1.415
DATA=2456267.41735|12.286|0.003|1.417
DATA=2456267.41797|12.291|0.003|1.42
DATA=2456267.41859|12.279|0.003|1.422
DATA=2456267.41921|12.275|0.003|1.425
DATA=2456267.41984|12.278|0.003|1.427
DATA=2456267.42056|12.28|0.003|1.43
DATA=2456267.42118|12.272|0.003|1.433
DATA=2456267.42181|12.275|0.003|1.435
DATA=2456267.42242|12.278|0.003|1.438
DATA=2456267.42304|12.269|0.003|1.441
DATA=2456267.42378|12.264|0.003|1.444
DATA=2456267.42441|12.261|0.004|1.447
DATA=2456267.42503|12.254|0.003|1.449
DATA=2456267.42565|12.266|0.003|1.452
DATA=2456267.42627|12.263|0.004|1.455
DATA=2456267.42703|12.262|0.004|1.458
DATA=2456267.42764|12.266|0.004|1.461
DATA=2456267.42826|12.252|0.004|1.464
DATA=2456267.42888|12.258|0.004|1.467
DATA=2456267.4295|12.257|0.004|1.47
DATA=2456267.43025|12.252|0.004|1.473
DATA=2456267.43088|12.258|0.004|1.476
DATA=2456267.43149|12.245|0.005|1.479
DATA=2456267.43212|12.254|0.004|1.483
DATA=2456267.43274|12.254|0.005|1.486
DATA=2456267.43348|12.248|0.005|1.489
DATA=2456267.43411|12.254|0.004|1.493
DATA=2456267.43473|12.26|0.004|1.496
DATA=2456267.43536|12.249|0.004|1.499
DATA=2456267.43597|12.241|0.004|1.502
DATA=2456267.4367|12.245|0.004|1.506
DATA=2456267.43733|12.248|0.005|1.51
DATA=2456267.43795|12.254|0.004|1.513
DATA=2456267.43856|12.251|0.004|1.516
DATA=2456267.43919|12.259|0.005|1.52
DATA=2456267.43992|12.245|0.005|1.524
DATA=2456267.44053|12.253|0.004|1.528
DATA=2456267.44116|12.255|0.004|1.531
DATA=2456267.44177|12.254|0.005|1.535
DATA=2456267.4424|12.258|0.005|1.538
DATA=2456267.44306|12.253|0.005|1.542
DATA=2456267.44368|12.251|0.005|1.546
DATA=2456267.44431|12.262|0.005|1.55
DATA=2456267.44493|12.263|0.005|1.554
DATA=2456267.44556|12.255|0.005|1.558
DATA=2456267.44631|12.266|0.005|1.562
DATA=2456267.44692|12.261|0.005|1.566
DATA=2456267.44755|12.248|0.004|1.57
DATA=2456267.44816|12.26|0.005|1.574
DATA=2456267.44878|12.253|0.005|1.578
DATA=2456267.44947|12.259|0.005|1.583
DATA=2456267.45008|12.258|0.005|1.587
DATA=2456267.45071|12.256|0.005|1.591
DATA=2456267.45133|12.254|0.005|1.595
DATA=2456267.45194|12.244|0.005|1.599
DATA=2456267.45266|12.242|0.005|1.604
DATA=2456267.45329|12.259|0.005|1.609
DATA=2456267.45391|12.255|0.005|1.613
DATA=2456267.45453|12.246|0.005|1.617
DATA=2456267.45515|12.247|0.005|1.622
DATA=2456267.45589|12.238|0.005|1.627
DATA=2456267.4565|12.251|0.005|1.632
DATA=2456267.45713|12.243|0.004|1.637
DATA=2456267.45775|12.235|0.004|1.641
DATA=2456267.45838|12.245|0.004|1.646
DATA=2456267.45914|12.241|0.005|1.652
DATA=2456267.45977|12.234|0.004|1.657
DATA=2456267.46039|12.241|0.004|1.662
DATA=2456267.46102|12.239|0.004|1.667
DATA=2456267.46163|12.24|0.004|1.672
DATA=2456267.46235|12.247|0.005|1.677
DATA=2456267.46297|12.243|0.004|1.683
DATA=2456267.46359|12.245|0.005|1.688
DATA=2456267.46421|12.234|0.004|1.693
DATA=2456267.46484|12.23|0.005|1.698
DATA=2456267.46559|12.236|0.005|1.705
DATA=2456267.4662|12.238|0.005|1.71
DATA=2456267.46683|12.234|0.005|1.715
DATA=2456267.46745|12.247|0.006|1.721
DATA=2456267.46808|12.237|0.006|1.726
DATA=2456267.46885|12.229|0.006|1.733
DATA=2456267.46947|12.251|0.006|1.739
DATA=2456267.47009|12.233|0.005|1.745
DATA=2456267.47072|12.238|0.007|1.751
DATA=2456267.47134|12.243|0.006|1.756
DATA=2456267.472|12.25|0.006|1.763
DATA=2456267.47262|12.243|0.006|1.769
DATA=2456267.47324|12.249|0.006|1.775
DATA=2456267.47385|12.248|0.006|1.781
DATA=2456267.47448|12.251|0.007|1.787
DATA=2456267.47516|12.25|0.007|1.794
DATA=2456267.47579|12.248|0.007|1.8
DATA=2456267.47641|12.255|0.008|1.807
DATA=2456267.47704|12.255|0.007|1.813
DATA=2456267.47765|12.266|0.007|1.819
DATA=2456267.47837|12.263|0.008|1.827
DATA=2456267.47898|12.267|0.007|1.834
DATA=2456267.47961|12.27|0.004|1.84
DATA=2456267.48023|12.268|0.004|1.847
DATA=2456267.48084|12.272|0.006|1.854
DATA=2456267.4816|12.267|0.006|1.862
DATA=2456267.48222|12.276|0.006|1.869
DATA=2456267.48284|12.276|0.006|1.876
DATA=2456267.48346|12.284|0.005|1.884
DATA=2456267.48409|12.284|0.005|1.891
DATA=2456267.48481|12.28|0.006|1.9
DATA=2456267.48544|12.291|0.004|1.907
DATA=2456267.48606|12.299|0.004|1.915
DATA=2456267.48669|12.302|0.005|1.922
DATA=2456267.48731|12.294|0.005|1.93
DATA=2456267.48803|12.299|0.004|1.939
DATA=2456267.48866|12.313|0.004|1.947
DATA=2456267.48927|12.315|0.004|1.955
DATA=2456267.4899|12.318|0.004|1.963
DATA=2456267.49051|12.316|0.004|1.971
DATA=2456267.49124|12.319|0.004|1.981
DATA=2456267.49186|12.339|0.004|1.989
DATA=2456267.49248|12.334|0.004|1.997
DATA=2456267.4931|12.331|0.004|2.006
DATA=2456267.49373|12.34|0.004|2.015
DATA=2456267.49446|12.334|0.004|2.025
DATA=2456267.49507|12.35|0.004|2.034
DATA=2456267.49569|12.347|0.004|2.043
DATA=2456267.49632|12.355|0.004|2.052
DATA=2456267.49694|12.355|0.005|2.061
DATA=2456267.49769|12.366|0.005|2.072
DATA=2456267.4983|12.364|0.005|2.081
DATA=2456267.49892|12.366|0.005|2.091
DATA=2456267.49955|12.368|0.01|2.1
DATA=2456267.50016|12.363|0.005|2.11
DATA=2456267.50086|12.378|0.005|2.121
DATA=2456267.50148|12.393|0.005|2.131
DATA=2456267.50211|12.384|0.005|2.141
DATA=2456267.50273|12.396|0.005|2.151
DATA=2456267.50336|12.403|0.005|2.162
DATA=2456267.50402|12.407|0.005|2.173
DATA=2456267.50464|12.4|0.005|2.183
DATA=2456267.50527|12.413|0.005|2.194
DATA=2456267.50588|12.406|0.005|2.205
DATA=2456267.5065|12.407|0.005|2.216
DATA=2456267.50719|12.417|0.005|2.228
DATA=2456267.50781|12.411|0.005|2.24
DATA=2456267.50843|12.423|0.005|2.251
DATA=2456267.50905|12.422|0.005|2.262
DATA=2456267.50968|12.435|0.005|2.274
DATA=2456267.51034|12.43|0.005|2.287
DATA=2456267.51096|12.433|0.005|2.299
DATA=2456267.51157|12.431|0.005|2.311
DATA=2456267.5122|12.448|0.005|2.323
DATA=2456267.51282|12.446|0.005|2.336
DATA=2456267.51348|12.456|0.005|2.349
DATA=2456267.5141|12.461|0.005|2.362
DATA=2456267.51472|12.456|0.005|2.375
DATA=2456267.51535|12.445|0.005|2.388
DATA=2456267.51596|12.46|0.005|2.401
DATA=2456267.51669|12.466|0.005|2.417
DATA=2456267.51731|12.463|0.005|2.431
ENDDATA
