STARTMETADATA
REVISEDDATA=FALSE
OBJECTNUMBER=87
OBJECTNAME=Sylvia
MPCDESIG=
SESSIONDATE=2013-01-04
SESSIONTIME=21:31:29
CONTACTNAME=FRANCISCO SOLDAN
CONTACTINFO=FSARRAKIS@GMAIL.COM
OBSERVERS=Z74
OBSLONGITUDE=+5,8438
OBSLATITUDE=+37,3340
OBJECTRA=05:32
OBJECTDEC=+27
PHASE=0.0
PABL=0.0
PABB=0.0
FILTER=C
MAGBAND=R
CICORRECTION=FALSE
CIBAND=NONE
CITARGET=0.000
DIFFERMAGS=TRUE
MAGADJUST=0.0
STANDARD=NONE
LTCAPP=NONE
LTCDAYS=0.0
LTCTYPE=NONE
REDUCEDMAGS=NONE
UCORMAG=0.0
PUBLICATION=
BIBCODE=
DELIMITER=PIPE
ENDMETADATA
DATA=2456297.32303|0.049|0.004|1.33
DATA=2456297.32381|0.059|0.004|1.325
DATA=2456297.32459|0.099|0.004|1.321
DATA=2456297.32538|0.091|0.004|1.316
DATA=2456297.32617|0.085|0.004|1.312
DATA=2456297.32696|0.095|0.004|1.307
DATA=2456297.32774|0.121|0.004|1.303
DATA=2456297.32853|0.09|0.004|1.299
DATA=2456297.32932|0.106|0.004|1.294
DATA=2456297.3301|0.117|0.004|1.29
DATA=2456297.33089|0.102|0.004|1.286
DATA=2456297.33168|0.155|0.004|1.282
DATA=2456297.33247|0.13|0.005|1.278
DATA=2456297.33325|0.154|0.004|1.274
DATA=2456297.33404|0.148|0.005|1.27
DATA=2456297.33483|0.158|0.004|1.266
DATA=2456297.33561|0.165|0.004|1.262
DATA=2456297.3364|0.137|0.004|1.259
DATA=2456297.33719|0.183|0.005|1.255
DATA=2456297.33797|0.153|0.005|1.251
DATA=2456297.33876|0.182|0.005|1.247
DATA=2456297.33955|0.195|0.005|1.244
DATA=2456297.34034|0.184|0.005|1.24
DATA=2456297.34112|0.169|0.005|1.237
DATA=2456297.34191|0.175|0.004|1.233
DATA=2456297.3427|0.174|0.005|1.23
DATA=2456297.34347|0.197|0.005|1.226
DATA=2456297.34426|0.194|0.005|1.223
DATA=2456297.34505|0.182|0.004|1.219
DATA=2456297.34583|0.155|0.005|1.216
DATA=2456297.34662|0.18|0.005|1.213
DATA=2456297.34741|0.167|0.005|1.21
DATA=2456297.34819|0.151|0.005|1.206
DATA=2456297.34898|0.142|0.005|1.203
DATA=2456297.34976|0.173|0.005|1.2
DATA=2456297.35054|0.156|0.005|1.197
DATA=2456297.35133|0.165|0.005|1.194
DATA=2456297.35212|0.152|0.005|1.191
DATA=2456297.35291|0.135|0.004|1.188
DATA=2456297.35369|0.128|0.004|1.185
DATA=2456297.35448|0.122|0.004|1.182
DATA=2456297.35527|0.094|0.005|1.179
DATA=2456297.35605|0.115|0.005|1.176
DATA=2456297.35684|0.106|0.005|1.173
DATA=2456297.35763|0.088|0.004|1.171
DATA=2456297.35841|0.087|0.005|1.168
DATA=2456297.35919|0.085|0.005|1.165
DATA=2456297.35998|0.075|0.004|1.162
DATA=2456297.36076|0.055|0.004|1.16
DATA=2456297.36154|0.066|0.005|1.157
DATA=2456297.36233|0.079|0.004|1.155
DATA=2456297.36311|0.051|0.004|1.152
DATA=2456297.3639|0.002|0.004|1.149
DATA=2456297.36469|0.012|0.004|1.147
DATA=2456297.36543|0.026|0.005|1.145
DATA=2456297.36615|0.012|0.004|1.142
DATA=2456297.36693|-0.074|0.004|1.14
DATA=2456297.36772|0.016|0.004|1.137
DATA=2456297.36851|-0.019|0.004|1.135
DATA=2456297.36929|-0.07|0.004|1.133
DATA=2456297.37008|-0.047|0.004|1.13
DATA=2456297.37086|-0.052|0.004|1.128
DATA=2456297.37164|-0.084|0.004|1.126
DATA=2456297.37243|-0.089|0.004|1.124
DATA=2456297.37322|-0.091|0.004|1.121
DATA=2456297.374|-0.08|0.004|1.119
DATA=2456297.37479|-0.114|0.004|1.117
DATA=2456297.37557|-0.086|0.004|1.115
DATA=2456297.37635|-0.101|0.004|1.113
DATA=2456297.37714|-0.111|0.004|1.111
DATA=2456297.37793|-0.153|0.004|1.109
DATA=2456297.37872|-0.148|0.004|1.107
DATA=2456297.3795|-0.173|0.004|1.105
DATA=2456297.38029|-0.169|0.004|1.103
DATA=2456297.38106|-0.177|0.004|1.101
DATA=2456297.38185|-0.198|0.004|1.099
DATA=2456297.38264|-0.226|0.004|1.097
DATA=2456297.38343|-0.207|0.004|1.095
DATA=2456297.3842|-0.204|0.004|1.093
DATA=2456297.385|-0.226|0.004|1.092
DATA=2456297.38579|-0.231|0.004|1.09
DATA=2456297.38657|-0.265|0.004|1.088
DATA=2456297.38736|-0.218|0.004|1.086
DATA=2456297.38815|-0.225|0.004|1.085
DATA=2456297.38894|-0.286|0.004|1.083
DATA=2456297.38972|-0.271|0.004|1.081
DATA=2456297.39051|-0.208|0.004|1.08
DATA=2456297.39128|-0.298|0.004|1.078
DATA=2456297.39207|-0.264|0.004|1.076
DATA=2456297.39286|-0.245|0.004|1.075
DATA=2456297.39365|-0.253|0.004|1.073
DATA=2456297.39443|-0.267|0.005|1.072
DATA=2456297.39521|-0.242|0.004|1.07
DATA=2456297.396|-0.282|0.004|1.069
DATA=2456297.39678|-0.264|0.004|1.067
DATA=2456297.39757|-0.275|0.004|1.066
DATA=2456297.39836|-0.25|0.004|1.064
DATA=2456297.39914|-0.272|0.004|1.063
DATA=2456297.39993|-0.262|0.004|1.062
DATA=2456297.40072|-0.244|0.004|1.06
DATA=2456297.4015|-0.265|0.004|1.059
DATA=2456297.40228|-0.242|0.004|1.058
DATA=2456297.40307|-0.218|0.004|1.056
DATA=2456297.40385|-0.245|0.004|1.055
DATA=2456297.40464|-0.228|0.004|1.054
DATA=2456297.40543|-0.219|0.004|1.053
DATA=2456297.4062|-0.264|0.004|1.051
DATA=2456297.40699|-0.222|0.004|1.05
DATA=2456297.40778|-0.232|0.004|1.049
DATA=2456297.40856|-0.233|0.004|1.048
DATA=2456297.40935|-0.234|0.004|1.047
DATA=2456297.41014|-0.176|0.004|1.046
DATA=2456297.41091|-0.179|0.004|1.045
DATA=2456297.4117|-0.169|0.004|1.044
DATA=2456297.41249|-0.183|0.004|1.043
DATA=2456297.41328|-0.17|0.004|1.042
DATA=2456297.41406|-0.168|0.004|1.041
DATA=2456297.41484|-0.146|0.004|1.04
DATA=2456297.41563|-0.136|0.004|1.039
DATA=2456297.41641|-0.137|0.004|1.038
DATA=2456297.4172|-0.135|0.004|1.037
DATA=2456297.41799|-0.121|0.004|1.036
DATA=2456297.41876|-0.115|0.004|1.035
DATA=2456297.41955|-0.093|0.004|1.034
DATA=2456297.42034|-0.095|0.004|1.033
DATA=2456297.42111|-0.097|0.004|1.032
DATA=2456297.4219|-0.089|0.004|1.032
DATA=2456297.42269|-0.064|0.004|1.031
DATA=2456297.42347|-0.065|0.004|1.03
DATA=2456297.4252|-0.057|0.004|1.029
DATA=2456297.42598|-0.043|0.004|1.028
DATA=2456297.42677|-0.026|0.004|1.027
DATA=2456297.42755|-0.015|0.004|1.026
DATA=2456297.42833|-0.002|0.004|1.026
DATA=2456297.42913|0.009|0.004|1.025
DATA=2456297.42991|0.005|0.004|1.025
DATA=2456297.43069|0.04|0.004|1.024
DATA=2456297.43148|0.043|0.004|1.023
DATA=2456297.43227|0.044|0.004|1.023
DATA=2456297.43304|0.056|0.004|1.022
DATA=2456297.43383|0.057|0.004|1.022
DATA=2456297.43462|0.065|0.004|1.021
DATA=2456297.43541|0.064|0.004|1.021
DATA=2456297.43618|0.068|0.004|1.02
DATA=2456297.43697|0.079|0.004|1.02
DATA=2456297.43775|0.076|0.004|1.019
DATA=2456297.43854|0.094|0.004|1.019
DATA=2456297.43933|0.112|0.004|1.019
DATA=2456297.4401|0.103|0.004|1.018
DATA=2456297.44089|0.112|0.004|1.018
DATA=2456297.44168|0.131|0.004|1.018
DATA=2456297.44247|0.145|0.004|1.017
DATA=2456297.44324|0.136|0.004|1.017
DATA=2456297.44403|0.148|0.004|1.017
DATA=2456297.44481|0.148|0.004|1.016
DATA=2456297.4456|0.149|0.004|1.016
DATA=2456297.44638|0.168|0.004|1.016
DATA=2456297.44716|0.163|0.004|1.016
DATA=2456297.44795|0.156|0.004|1.016
DATA=2456297.44874|0.164|0.004|1.015
DATA=2456297.44951|0.16|0.004|1.015
DATA=2456297.4503|0.161|0.004|1.015
DATA=2456297.45109|0.156|0.004|1.015
DATA=2456297.45187|0.169|0.004|1.015
DATA=2456297.45266|0.187|0.004|1.015
DATA=2456297.45344|0.163|0.004|1.015
DATA=2456297.45422|0.164|0.004|1.015
DATA=2456297.45501|0.153|0.004|1.015
DATA=2456297.4558|0.16|0.004|1.015
DATA=2456297.45659|0.155|0.004|1.015
DATA=2456297.45736|0.172|0.004|1.015
DATA=2456297.45815|0.134|0.004|1.015
DATA=2456297.45894|0.152|0.004|1.015
DATA=2456297.45972|0.155|0.004|1.015
DATA=2456297.4605|0.152|0.004|1.015
DATA=2456297.46128|0.158|0.004|1.015
DATA=2456297.46207|0.147|0.004|1.015
DATA=2456297.46286|0.121|0.004|1.015
DATA=2456297.46365|0.108|0.004|1.015
DATA=2456297.46443|0.108|0.004|1.016
DATA=2456297.46521|0.101|0.004|1.016
DATA=2456297.466|0.095|0.004|1.016
DATA=2456297.46678|0.091|0.004|1.016
DATA=2456297.46757|0.092|0.004|1.016
DATA=2456297.46834|0.071|0.004|1.017
DATA=2456297.46913|0.065|0.004|1.017
DATA=2456297.46992|0.067|0.004|1.017
DATA=2456297.47071|0.046|0.004|1.018
DATA=2456297.47148|0.049|0.004|1.018
ENDDATA
STARTMETADATA
REVISEDDATA=FALSE
OBJECTNUMBER=87
OBJECTNAME=Sylvia
MPCDESIG=
SESSIONDATE=2013-01-03
SESSIONTIME=22:20:17
CONTACTNAME=FRANCISCO SOLDAN
CONTACTINFO=FSARRAKIS@GMAIL.COM
OBSERVERS=Z74
OBSLONGITUDE=+5.8438
OBSLATITUDE=+37.3340
OBJECTRA=05:32
OBJECTDEC=+27
PHASE=0.0
PABL=0.0
PABB=0.0
FILTER=C
MAGBAND=R
CICORRECTION=FALSE
CIBAND=NONE
CITARGET=0.000
DIFFERMAGS=TRUE
MAGADJUST=0.0
STANDARD=NONE
LTCAPP=NONE
LTCDAYS=0.0
LTCTYPE=NONE
REDUCEDMAGS=NONE
UCORMAG=0.0
PUBLICATION=
BIBCODE=
DELIMITER=PIPE
ENDMETADATA
DATA=2456296.38829|0.099|0.004|1.091
DATA=2456296.38907|0.087|0.004|1.09
DATA=2456296.38986|0.075|0.004|1.088
DATA=2456296.39065|0.075|0.004|1.086
DATA=2456296.39144|0.046|0.004|1.084
DATA=2456296.39221|0.045|0.004|1.083
DATA=2456296.39301|0.06|0.004|1.081
DATA=2456296.3938|0.046|0.004|1.079
DATA=2456296.39458|0.04|0.004|1.078
DATA=2456296.39536|0.044|0.004|1.076
DATA=2456296.39615|0.027|0.004|1.075
DATA=2456296.39693|0.022|0.004|1.073
DATA=2456296.39771|0.019|0.004|1.072
DATA=2456296.3985|0.007|0.004|1.07
DATA=2456296.39928|-0.012|0.004|1.069
DATA=2456296.40007|-0.009|0.004|1.067
DATA=2456296.40086|-0.014|0.004|1.066
DATA=2456296.40164|-0.005|0.004|1.064
DATA=2456296.40243|-0.023|0.004|1.063
DATA=2456296.40322|-0.019|0.004|1.062
DATA=2456296.404|-0.038|0.004|1.06
DATA=2456296.40479|-0.03|0.004|1.059
DATA=2456296.40558|-0.032|0.004|1.058
DATA=2456296.40637|-0.037|0.004|1.056
DATA=2456296.40715|-0.053|0.004|1.055
DATA=2456296.40794|-0.065|0.004|1.054
DATA=2456296.40873|-0.046|0.004|1.052
DATA=2456296.40951|-0.052|0.004|1.051
DATA=2456296.4103|-0.07|0.004|1.05
DATA=2456296.41109|-0.072|0.004|1.049
DATA=2456296.41187|-0.074|0.004|1.048
DATA=2456296.41266|-0.07|0.004|1.047
DATA=2456296.41345|-0.078|0.004|1.046
DATA=2456296.41424|-0.08|0.004|1.045
DATA=2456296.41502|-0.091|0.004|1.043
DATA=2456296.41581|-0.075|0.004|1.042
DATA=2456296.4166|-0.076|0.004|1.041
DATA=2456296.41738|-0.093|0.004|1.04
DATA=2456296.41817|-0.089|0.004|1.039
DATA=2456296.41896|-0.086|0.004|1.038
DATA=2456296.41975|-0.1|0.004|1.038
DATA=2456296.42053|-0.084|0.004|1.037
DATA=2456296.42132|-0.104|0.004|1.036
DATA=2456296.42211|-0.088|0.004|1.035
DATA=2456296.42289|-0.097|0.004|1.034
DATA=2456296.42367|-0.101|0.004|1.033
DATA=2456296.42446|-0.081|0.004|1.032
DATA=2456296.42524|-0.08|0.004|1.032
DATA=2456296.42603|-0.092|0.004|1.031
DATA=2456296.42682|-0.107|0.004|1.03
DATA=2456296.4276|-0.085|0.004|1.029
DATA=2456296.42838|-0.083|0.004|1.029
DATA=2456296.42918|-0.085|0.004|1.028
DATA=2456296.42997|-0.092|0.004|1.027
DATA=2456296.43074|-0.086|0.004|1.026
DATA=2456296.43153|-0.082|0.004|1.026
DATA=2456296.43231|-0.081|0.004|1.025
DATA=2456296.4331|-0.089|0.004|1.025
DATA=2456296.43389|-0.074|0.004|1.024
DATA=2456296.43468|-0.077|0.004|1.023
DATA=2456296.43546|-0.063|0.004|1.023
DATA=2456296.43625|-0.064|0.004|1.022
DATA=2456296.43704|-0.063|0.004|1.022
DATA=2456296.43782|-0.062|0.004|1.021
DATA=2456296.43861|-0.044|0.004|1.021
DATA=2456296.4394|-0.053|0.004|1.02
DATA=2456296.44019|-0.031|0.004|1.02
DATA=2456296.44097|-0.04|0.004|1.019
DATA=2456296.44176|-0.04|0.004|1.019
DATA=2456296.44255|-0.029|0.004|1.019
DATA=2456296.44333|-0.017|0.004|1.018
DATA=2456296.44412|0.004|0.004|1.018
DATA=2456296.44491|-0.019|0.004|1.018
DATA=2456296.44569|-0.008|0.004|1.017
DATA=2456296.44648|-0.003|0.004|1.017
DATA=2456296.44727|0.004|0.004|1.017
DATA=2456296.44804|0.009|0.004|1.016
DATA=2456296.44883|0.018|0.004|1.016
DATA=2456296.44963|0.022|0.004|1.016
DATA=2456296.45042|0.033|0.004|1.016
DATA=2456296.4512|0.029|0.004|1.016
DATA=2456296.45199|0.024|0.004|1.015
DATA=2456296.45277|0.036|0.004|1.015
DATA=2456296.45355|0.039|0.004|1.015
DATA=2456296.45434|0.055|0.004|1.015
DATA=2456296.45513|0.05|0.004|1.015
DATA=2456296.45591|0.056|0.004|1.015
DATA=2456296.4567|0.061|0.004|1.015
DATA=2456296.45749|0.076|0.004|1.015
DATA=2456296.45828|0.073|0.004|1.015
DATA=2456296.45906|0.079|0.004|1.015
DATA=2456296.45985|0.084|0.004|1.015
DATA=2456296.46064|0.083|0.004|1.015
DATA=2456296.46142|0.084|0.004|1.015
DATA=2456296.46221|0.106|0.004|1.015
DATA=2456296.463|0.095|0.004|1.015
DATA=2456296.46378|0.103|0.004|1.015
DATA=2456296.46457|0.119|0.004|1.015
DATA=2456296.46536|0.12|0.004|1.015
DATA=2456296.46613|0.113|0.004|1.015
DATA=2456296.46693|0.116|0.004|1.015
DATA=2456296.46772|0.131|0.004|1.016
DATA=2456296.46851|0.127|0.004|1.016
DATA=2456296.46929|0.148|0.004|1.016
DATA=2456296.47008|0.16|0.004|1.016
DATA=2456296.47087|0.13|0.004|1.017
DATA=2456296.47166|0.146|0.004|1.017
DATA=2456296.47244|0.145|0.004|1.017
DATA=2456296.47323|0.167|0.004|1.017
DATA=2456296.47402|0.152|0.004|1.018
ENDDATA
STARTMETADATA
REVISEDDATA=FALSE
OBJECTNUMBER=87
OBJECTNAME=Sylvia
MPCDESIG=
SESSIONDATE=2013-01-05
SESSIONTIME=20:46:26
CONTACTNAME=FRANCISCO SOLDAN
CONTACTINFO=FSARRAKIS@GMAIL.COM
OBSERVERS=Z74
OBSLONGITUDE=+5.8438
OBSLATITUDE=+37.3340
OBJECTRA=05:31
OBJECTDEC=+27
PHASE=0.0
PABL=0.0
PABB=0.0
FILTER=C
MAGBAND=R
CICORRECTION=FALSE
CIBAND=NONE
CITARGET=0.000
DIFFERMAGS=TRUE
MAGADJUST=0.0
STANDARD=NONE
LTCAPP=NONE
LTCDAYS=0.0
LTCTYPE=NONE
REDUCEDMAGS=NONE
UCORMAG=0.0
PUBLICATION=
BIBCODE=
DELIMITER=PIPE
ENDMETADATA
DATA=2456298.26311|-0.131|0.004|1.856
DATA=2456298.2639|-0.16|0.004|1.845
DATA=2456298.26469|-0.141|0.004|1.834
DATA=2456298.26547|-0.13|0.004|1.824
DATA=2456298.26626|-0.142|0.004|1.813
DATA=2456298.26705|-0.117|0.004|1.802
DATA=2456298.26784|-0.148|0.004|1.792
DATA=2456298.26861|-0.162|0.004|1.782
DATA=2456298.2694|-0.099|0.004|1.772
DATA=2456298.27019|-0.1|0.004|1.762
DATA=2456298.27097|-0.128|0.004|1.752
DATA=2456298.27176|-0.112|0.004|1.742
DATA=2456298.27253|-0.099|0.004|1.733
DATA=2456298.27332|-0.1|0.004|1.723
DATA=2456298.27411|-0.095|0.004|1.714
DATA=2456298.2749|-0.084|0.004|1.705
DATA=2456298.27568|-0.105|0.004|1.696
DATA=2456298.27647|-0.069|0.004|1.687
DATA=2456298.27726|-0.085|0.004|1.678
DATA=2456298.27804|-0.064|0.004|1.669
DATA=2456298.27883|-0.082|0.004|1.661
DATA=2456298.27962|-0.071|0.004|1.652
DATA=2456298.28041|-0.076|0.004|1.644
DATA=2456298.28119|-0.06|0.004|1.635
DATA=2456298.28198|-0.047|0.004|1.627
DATA=2456298.28277|-0.051|0.004|1.619
DATA=2456298.28355|-0.013|0.004|1.611
DATA=2456298.28434|-0.051|0.004|1.603
DATA=2456298.28513|-0.028|0.004|1.596
DATA=2456298.28591|-0.018|0.004|1.588
DATA=2456298.28671|0.007|0.004|1.58
DATA=2456298.2875|-0.004|0.004|1.573
DATA=2456298.28829|-0.014|0.004|1.565
DATA=2456298.28907|0.002|0.004|1.558
DATA=2456298.28986|0.011|0.005|1.551
DATA=2456298.29065|0.029|0.005|1.544
DATA=2456298.29142|0.019|0.005|1.537
DATA=2456298.29221|0.046|0.005|1.53
DATA=2456298.293|0.039|0.005|1.523
DATA=2456298.29378|0.045|0.005|1.516
DATA=2456298.29457|0.061|0.005|1.509
DATA=2456298.29536|0.061|0.005|1.503
DATA=2456298.29615|0.043|0.005|1.496
DATA=2456298.29693|0.07|0.005|1.49
DATA=2456298.29772|0.078|0.005|1.483
DATA=2456298.29851|0.058|0.005|1.477
DATA=2456298.29929|0.088|0.005|1.471
DATA=2456298.30008|0.073|0.005|1.464
DATA=2456298.30087|0.092|0.005|1.458
DATA=2456298.30167|0.105|0.005|1.452
DATA=2456298.30245|0.084|0.005|1.446
DATA=2456298.30324|0.095|0.005|1.44
DATA=2456298.30402|0.094|0.005|1.434
DATA=2456298.30481|0.098|0.005|1.429
DATA=2456298.30559|0.089|0.005|1.423
DATA=2456298.30638|0.107|0.005|1.417
DATA=2456298.30716|0.113|0.005|1.412
DATA=2456298.30795|0.107|0.005|1.406
DATA=2456298.30874|0.094|0.005|1.401
DATA=2456298.30953|0.112|0.005|1.395
DATA=2456298.31031|0.111|0.005|1.39
DATA=2456298.3111|0.097|0.005|1.385
DATA=2456298.31189|0.108|0.005|1.38
DATA=2456298.31267|0.119|0.005|1.375
DATA=2456298.31346|0.1|0.005|1.37
DATA=2456298.31425|0.12|0.005|1.364
DATA=2456298.31502|0.12|0.005|1.36
DATA=2456298.31582|0.101|0.005|1.355
DATA=2456298.3166|0.117|0.005|1.35
DATA=2456298.31738|0.116|0.005|1.345
DATA=2456298.31818|0.118|0.005|1.34
DATA=2456298.31897|0.111|0.005|1.336
DATA=2456298.31975|0.098|0.005|1.331
DATA=2456298.32053|0.109|0.005|1.326
DATA=2456298.32132|0.091|0.005|1.322
DATA=2456298.32211|0.098|0.005|1.317
DATA=2456298.32288|0.106|0.005|1.313
DATA=2456298.32367|0.108|0.005|1.309
DATA=2456298.32444|0.095|0.005|1.304
DATA=2456298.32523|0.072|0.005|1.3
DATA=2456298.32603|0.078|0.005|1.296
DATA=2456298.32682|0.098|0.005|1.292
DATA=2456298.3276|0.068|0.005|1.288
DATA=2456298.32839|0.068|0.005|1.283
DATA=2456298.32917|0.051|0.005|1.279
DATA=2456298.32995|0.05|0.005|1.275
DATA=2456298.33074|0.064|0.005|1.271
DATA=2456298.33153|0.063|0.004|1.268
DATA=2456298.33231|0.042|0.004|1.264
DATA=2456298.3331|0.033|0.004|1.26
DATA=2456298.33389|0.048|0.005|1.256
DATA=2456298.33468|0.019|0.005|1.252
DATA=2456298.33546|0.032|0.005|1.249
DATA=2456298.33624|0.019|0.005|1.245
DATA=2456298.33703|0.01|0.005|1.241
DATA=2456298.33781|0.003|0.005|1.238
DATA=2456298.3386|-0.028|0.005|1.234
DATA=2456298.33938|0.005|0.005|1.231
DATA=2456298.34016|-0.02|0.005|1.227
DATA=2456298.34095|-0.028|0.005|1.224
DATA=2456298.34174|-0.022|0.005|1.221
DATA=2456298.34252|-0.032|0.004|1.217
DATA=2456298.34331|-0.029|0.004|1.214
DATA=2456298.34409|-0.025|0.004|1.211
DATA=2456298.34487|-0.041|0.004|1.208
DATA=2456298.34566|-0.051|0.004|1.204
DATA=2456298.34645|-0.032|0.004|1.201
DATA=2456298.34723|-0.05|0.004|1.198
DATA=2456298.34801|-0.05|0.004|1.195
DATA=2456298.3488|-0.059|0.004|1.192
DATA=2456298.34958|-0.071|0.004|1.189
DATA=2456298.35037|-0.072|0.004|1.186
DATA=2456298.35116|-0.072|0.004|1.183
DATA=2456298.35193|-0.087|0.004|1.18
DATA=2456298.35272|-0.074|0.004|1.177
DATA=2456298.35351|-0.088|0.004|1.174
DATA=2456298.35429|-0.084|0.004|1.172
DATA=2456298.35508|-0.096|0.004|1.169
DATA=2456298.35587|-0.083|0.004|1.166
DATA=2456298.35666|-0.109|0.004|1.163
DATA=2456298.35744|-0.112|0.004|1.161
DATA=2456298.35823|-0.087|0.004|1.158
DATA=2456298.35902|-0.093|0.004|1.155
DATA=2456298.3598|-0.109|0.004|1.153
DATA=2456298.36059|-0.118|0.004|1.15
DATA=2456298.36137|-0.098|0.004|1.148
DATA=2456298.36215|-0.114|0.004|1.145
DATA=2456298.36294|-0.108|0.004|1.143
DATA=2456298.36373|-0.137|0.005|1.14
DATA=2456298.36451|-0.135|0.005|1.138
DATA=2456298.3653|-0.11|0.005|1.136
DATA=2456298.36609|-0.126|0.005|1.133
DATA=2456298.36686|-0.127|0.005|1.131
DATA=2456298.36765|-0.118|0.005|1.129
DATA=2456298.36844|-0.135|0.005|1.126
DATA=2456298.36921|-0.124|0.005|1.124
DATA=2456298.37|-0.139|0.005|1.122
DATA=2456298.37079|-0.134|0.004|1.12
DATA=2456298.37157|-0.114|0.004|1.118
DATA=2456298.37236|-0.125|0.004|1.116
DATA=2456298.37315|-0.112|0.004|1.113
DATA=2456298.37394|-0.116|0.004|1.111
DATA=2456298.37471|-0.113|0.005|1.109
DATA=2456298.3755|-0.107|0.005|1.107
DATA=2456298.37628|-0.105|0.005|1.105
DATA=2456298.37707|-0.126|0.005|1.103
DATA=2456298.37786|-0.089|0.005|1.101
DATA=2456298.37863|-0.105|0.005|1.1
DATA=2456298.37942|-0.097|0.005|1.098
DATA=2456298.38021|-0.1|0.005|1.096
DATA=2456298.381|-0.076|0.005|1.094
DATA=2456298.38177|-0.089|0.005|1.092
DATA=2456298.38256|-0.075|0.005|1.09
DATA=2456298.38334|-0.083|0.005|1.089
DATA=2456298.38413|-0.074|0.005|1.087
DATA=2456298.38491|-0.085|0.005|1.085
DATA=2456298.38569|-0.071|0.005|1.083
DATA=2456298.38648|-0.044|0.005|1.082
DATA=2456298.38727|-0.045|0.005|1.08
DATA=2456298.38804|-0.031|0.005|1.078
DATA=2456298.38883|-0.034|0.005|1.077
DATA=2456298.38962|-0.028|0.005|1.075
DATA=2456298.39039|-0.021|0.005|1.074
DATA=2456298.39118|-0.032|0.005|1.072
DATA=2456298.39197|-0.023|0.005|1.071
DATA=2456298.39275|-0.012|0.005|1.069
DATA=2456298.39354|0.011|0.005|1.068
DATA=2456298.39433|0.006|0.005|1.066
DATA=2456298.3951|-0.006|0.005|1.065
DATA=2456298.39589|0.012|0.005|1.063
DATA=2456298.39668|0.002|0.005|1.062
DATA=2456298.39747|0.019|0.004|1.061
DATA=2456298.39825|0.037|0.005|1.059
DATA=2456298.39904|0.032|0.005|1.058
DATA=2456298.39981|0.058|0.005|1.057
DATA=2456298.4006|0.037|0.005|1.056
DATA=2456298.40139|0.028|0.005|1.054
DATA=2456298.40216|0.04|0.005|1.053
DATA=2456298.40295|0.048|0.005|1.052
DATA=2456298.40374|0.065|0.005|1.051
DATA=2456298.40453|0.076|0.005|1.05
DATA=2456298.4053|0.075|0.005|1.048
DATA=2456298.40609|0.064|0.005|1.047
DATA=2456298.40688|0.078|0.005|1.046
DATA=2456298.40766|0.072|0.005|1.045
DATA=2456298.40844|0.085|0.005|1.044
DATA=2456298.40922|0.081|0.005|1.043
DATA=2456298.41001|0.103|0.005|1.042
DATA=2456298.4108|0.079|0.006|1.041
DATA=2456298.41157|0.095|0.006|1.04
DATA=2456298.41236|0.102|0.006|1.039
DATA=2456298.41315|0.109|0.006|1.038
DATA=2456298.41392|0.116|0.006|1.037
DATA=2456298.41471|0.112|0.006|1.036
DATA=2456298.4155|0.141|0.006|1.035
DATA=2456298.41628|0.111|0.006|1.034
DATA=2456298.41707|0.139|0.006|1.034
DATA=2456298.41785|0.109|0.006|1.033
DATA=2456298.41863|0.14|0.006|1.032
DATA=2456298.41942|0.132|0.006|1.031
DATA=2456298.42021|0.121|0.006|1.03
DATA=2456298.42098|0.14|0.006|1.03
DATA=2456298.42177|0.136|0.006|1.029
DATA=2456298.42256|0.099|0.006|1.028
DATA=2456298.42334|0.122|0.006|1.028
DATA=2456298.42412|0.137|0.006|1.027
DATA=2456298.42491|0.13|0.006|1.026
DATA=2456298.42569|0.116|0.006|1.026
DATA=2456298.42647|0.137|0.006|1.025
DATA=2456298.42726|0.132|0.006|1.024
DATA=2456298.42804|0.119|0.005|1.024
DATA=2456298.42883|0.121|0.005|1.023
DATA=2456298.42961|0.124|0.005|1.023
DATA=2456298.43039|0.113|0.006|1.022
DATA=2456298.43118|0.119|0.006|1.022
DATA=2456298.43197|0.089|0.005|1.021
DATA=2456298.43274|0.099|0.005|1.021
DATA=2456298.43353|0.077|0.005|1.02
DATA=2456298.43432|0.083|0.005|1.02
DATA=2456298.4351|0.088|0.005|1.019
DATA=2456298.43589|0.065|0.005|1.019
DATA=2456298.43668|0.061|0.005|1.019
DATA=2456298.43745|0.069|0.005|1.018
DATA=2456298.43824|0.068|0.005|1.018
DATA=2456298.43903|0.042|0.005|1.018
DATA=2456298.43981|0.073|0.005|1.017
DATA=2456298.4406|0.031|0.005|1.017
DATA=2456298.44138|0.039|0.005|1.017
DATA=2456298.44216|0.034|0.005|1.016
DATA=2456298.44295|0.019|0.005|1.016
DATA=2456298.44374|0.008|0.005|1.016
DATA=2456298.44451|0.015|0.005|1.016
DATA=2456298.4453|0.002|0.005|1.016
DATA=2456298.44609|0.008|0.005|1.015
DATA=2456298.44686|0.009|0.005|1.015
DATA=2456298.44765|-0.003|0.005|1.015
DATA=2456298.44844|0.0|0.005|1.015
DATA=2456298.44922|-0.019|0.005|1.015
DATA=2456298.45001|-0.029|0.005|1.015
DATA=2456298.45079|-0.036|0.005|1.015
DATA=2456298.45157|-0.041|0.005|1.015
DATA=2456298.45236|-0.047|0.005|1.015
DATA=2456298.45315|-0.044|0.005|1.015
DATA=2456298.45394|-0.056|0.005|1.015
DATA=2456298.45471|-0.036|0.005|1.015
DATA=2456298.4555|-0.04|0.005|1.015
DATA=2456298.45628|-0.036|0.005|1.015
DATA=2456298.45707|-0.043|0.005|1.015
DATA=2456298.45786|-0.052|0.005|1.015
DATA=2456298.45865|-0.074|0.006|1.015
DATA=2456298.45942|-0.081|0.006|1.015
DATA=2456298.46021|-0.068|0.006|1.016
DATA=2456298.461|-0.091|0.005|1.016
DATA=2456298.46177|-0.084|0.006|1.016
DATA=2456298.46256|-0.081|0.006|1.016
DATA=2456298.46334|-0.073|0.006|1.016
DATA=2456298.46412|-0.062|0.005|1.017
DATA=2456298.46491|-0.093|0.005|1.017
DATA=2456298.46569|-0.089|0.005|1.017
DATA=2456298.46648|-0.091|0.006|1.017
DATA=2456298.46726|-0.107|0.005|1.018
DATA=2456298.46804|-0.103|0.005|1.018
DATA=2456298.46883|-0.115|0.007|1.018
ENDDATA
